1	4
2	2
3	4
4	4
5	2
6	4
7	3
8	2
9	4
10	1
11	4
12	1
13	4
14	2
15	4
16	4
17	0
18	4
19	1
20	1
21	1
22	4
23	0
24	4
25	4
26	4
27	1
28	3
29	1
30	1
31	4
32	2
33	4
34	3
35	4
36	2
37	0
38	4
39	2
40	2
41	0
42	2
43	1
44	4
45	4
46	4
47	1
48	0
49	0
50	1
51	4
52	3
53	4
54	1
55	2
56	4
57	0
58	4
59	3
60	2
61	1
62	3
63	4
64	3
65	4
66	4
67	1
68	4
69	2
70	3
71	3
72	2
73	4
74	1
75	1
76	3
77	2
78	4
79	4
80	3
81	1
82	1
83	4
84	2
85	4
86	3
87	4
88	4
89	1
90	1
91	4
92	4
93	1
94	4
95	1
96	1
97	4
98	1
99	2
100	3
101	4
102	1
103	1
104	4
105	3
106	2
107	2
108	3
109	1
110	1
111	4
112	2
113	0
114	4
115	2
116	2
117	3
118	4
119	2
120	1
121	4
122	4
123	3
124	2
125	4
126	2
127	3
128	4
129	4
130	4
131	4
132	2
133	1
134	2
135	2
136	4
137	4
138	4
139	2
140	1
141	4
142	4
143	3
144	4
145	4
146	4
147	3
148	2
149	4
150	3
151	4
152	4
153	2
154	4
155	2
156	0
157	1
158	4
159	4
160	4
161	1
162	4
163	4
164	4
165	1
166	2
167	3
168	4
169	1
170	1
171	2
172	1
173	2
174	4
175	1
176	1
177	3
178	1
179	4
180	2
181	4
182	2
183	2
184	1
185	4
186	1
187	3
188	4
189	3
190	4
191	4
192	1
193	3
194	4
195	2
196	4
197	4
198	2
199	1
200	1
201	4
202	4
203	1
204	4
205	1
206	1
207	4
208	2
209	1
210	1
211	4
212	4
213	1
214	1
215	4
216	2
217	2
218	3
219	1
220	4
221	4
222	1
223	1
224	2
225	4
226	4
227	4
228	2
229	4
230	1
231	3
232	1
233	1
234	3
235	4
236	4
237	1
238	4
239	0
240	1
241	4
242	4
243	1
244	1
245	1
246	4
247	2
248	0
249	4
250	0
251	3
252	4
253	4
254	4
255	4
256	4
257	0
258	4
259	4
260	1
261	4
262	2
263	1
264	2
265	4
266	4
267	1
268	3
269	1
270	4
271	1
272	1
273	4
274	1
275	4
276	2
277	1
278	2
279	3
280	2
281	1
282	2
283	4
284	4
285	4
286	2
287	4
288	2
289	1
290	2
291	1
292	4
293	4
294	1
295	1
296	4
297	3
298	2
299	4
300	4
301	1
302	2
303	4
304	2
305	1
306	2
307	1
308	4
309	4
310	4
311	1
312	3
313	4
314	1
315	4
316	3
317	2
318	4
319	4
320	1
321	2
322	1
323	3
324	1
325	4
326	0
327	1
328	4
329	4
330	3
331	4
332	4
333	1
334	1
335	4
336	4
337	3
338	2
339	1
340	2
341	4
342	1
343	4
344	3
345	4
346	1
347	4
348	1
349	1
350	0
351	4
352	4
353	4
354	4
355	4
356	4
357	2
358	1
359	3
360	4
361	2
362	1
363	3
364	4
365	4
366	4
367	0
368	1
369	2
370	4
371	4
372	4
373	1
374	1
375	4
376	2
377	1
378	4
379	2
380	4
381	4
382	4
383	4
384	1
385	3
386	2
387	4
388	4
389	4
390	4
391	4
392	2
393	4
394	1
395	4
396	2
397	1
398	2
399	4
400	3
401	1
402	2
403	4
404	4
405	3
406	2
407	4
408	4
409	4
410	3
411	4
412	2
413	4
414	0
415	4
416	4
417	2
418	4
419	4
420	4
421	3
422	2
423	4
424	2
425	4
426	0
427	2
428	3
429	4
430	2
431	4
432	4
433	3
434	1
435	3
436	2
437	1
438	1
439	4
440	0
441	4
442	4
443	2
444	1
445	0
446	1
447	4
448	4
449	4
450	1
451	2
452	0
453	0
454	2
455	2
456	1
457	4
458	3
459	0
460	1
461	4
462	2
463	1
464	3
465	4
466	0
467	4
468	2
469	4
470	1
471	3
472	4
473	2
474	1
475	4
476	4
477	0
478	1
479	1
480	1
481	4
482	4
483	4
484	4
485	2
486	2
487	1
488	2
489	1
490	2
491	4
492	4
493	4
494	4
495	4
496	1
497	4
498	4
499	1
500	1
501	3
502	4
503	2
504	1
505	4
506	4
507	4
508	4
509	4
510	4
511	4
512	4
513	3
514	4
515	1
516	4
517	3
518	0
519	4
520	4
521	4
522	2
523	4
524	2
525	2
526	1
527	1
528	2
529	4
530	4
531	1
532	3
533	4
534	1
535	1
536	2
537	2
538	4
539	4
540	4
541	4
542	4
543	0
544	0
545	1
546	3
547	2
548	2
549	2
550	1
551	1
552	1
553	2
554	4
555	2
556	2
557	3
558	4
559	1
560	4
561	4
562	4
563	1
564	4
565	2
566	4
567	3
568	2
569	1
570	4
571	4
572	0
573	2
574	1
575	4
576	4
577	3
578	4
579	1
580	1
581	1
582	4
583	4
584	2
585	1
586	4
587	4
588	4
589	3
590	3
591	1
592	4
593	4
594	4
595	1
596	1
597	3
598	3
599	1
600	1
601	1
602	2
603	2
604	4
605	2
606	4
607	2
608	4
609	0
610	3
611	4
612	4
613	4
614	1
615	4
616	2
617	4
618	1
619	4
620	4
621	4
622	1
623	4
624	4
625	3
626	4
627	4
628	1
629	1
630	4
631	4
632	3
633	2
634	3
635	0
636	4
637	2
638	4
639	4
640	0
641	0
642	1
643	2
644	1
645	4
646	4
647	1
648	4
649	2
650	1
651	4
652	1
653	4
654	3
655	1
656	2
657	2
658	4
659	0
660	4
661	4
662	3
663	4
664	0
665	4
666	1
667	4
668	1
669	2
670	4
671	1
672	4
673	3
674	1
675	4
676	1
677	3
678	4
679	4
680	4
681	4
682	4
683	4
684	1
685	4
686	1
687	1
688	4
689	3
690	4
691	4
692	4
693	0
694	0
695	4
696	2
697	2
698	4
699	1
700	2
701	4
702	2
703	1
704	0
705	3
706	3
707	4
708	4
709	4
710	1
711	4
712	2
713	1
714	2
715	2
716	2
717	4
718	4
719	1
720	4
721	3
722	0
723	4
724	0
725	1
726	3
727	4
728	2
729	4
730	1
731	4
732	4
733	1
734	2
735	4
736	3
737	4
738	1
739	4
740	4
741	4
742	3
743	2
744	4
745	2
746	0
747	4
748	0
749	2
750	1
751	0
752	1
753	3
754	4
755	1
756	1
757	4
758	4
759	4
760	3
761	0
762	1
763	4
764	4
765	4
766	0
767	3
768	2
769	4
770	4
771	3
772	1
773	1
774	4
775	3
776	1
777	3
778	4
779	3
780	4
781	4
782	4
783	4
784	2
785	2
786	1
787	1
788	1
789	0
790	3
791	1
792	4
793	1
794	4
795	4
796	4
797	4
798	2
799	4
800	4
801	0
802	1
803	4
804	2
805	2
806	4
807	0
808	4
809	2
810	3
811	4
812	1
813	4
814	1
815	4
816	4
817	4
818	3
819	4
820	3
821	1
822	2
823	2
824	0
825	4
826	4
827	3
828	1
829	4
830	4
831	1
832	1
833	4
834	4
835	4
836	2
837	3
838	2
839	4
840	0
841	0
842	2
843	4
844	4
845	4
846	1
847	2
848	4
849	4
850	4
851	4
852	2
853	4
854	4
855	1
856	4
857	4
858	4
859	1
860	1
861	3
862	1
863	1
864	1
865	0
866	4
867	3
868	2
869	1
870	2
871	4
872	1
873	3
874	3
875	1
876	4
877	4
878	4
879	0
880	4
881	3
882	2
883	0
884	4
885	1
886	4
887	0
888	4
889	4
890	2
891	4
892	4
893	3
894	2
895	4
896	4
897	4
898	4
899	4
900	0
901	4
902	3
903	0
904	3
905	4
906	4
907	4
908	1
909	1
910	1
911	2
912	4
913	2
914	4
915	4
916	4
917	4
918	2
919	3
920	4
921	1
922	0
923	3
924	3
925	2
926	1
927	4
928	1
929	4
930	1
931	4
932	4
933	4
934	1
935	1
936	1
937	1
938	2
939	1
940	0
941	4
942	2
943	0
944	1
945	3
946	4
947	2
948	0
949	4
950	2
951	4
952	4
953	4
954	4
955	3
956	4
957	4
958	1
959	1
960	4
961	4
962	4
963	3
964	2
965	4
966	4
967	1
968	3
969	1
970	4
971	4
972	4
973	4
974	4
975	4
976	0
977	4
978	4
979	4
980	4
981	4
982	1
983	1
984	4
985	4
986	3
987	1
988	4
989	4
990	2
991	2
992	4
993	4
994	3
995	4
996	1
997	4
998	1
999	1
1000	2
1001	4
1002	4
1003	2
1004	2
1005	4
1006	1
1007	4
1008	2
1009	1
1010	3
1011	4
1012	4
1013	4
1014	4
1015	4
1016	1
1017	4
1018	4
1019	1
1020	4
1021	2
1022	1
1023	1
1024	4
1025	3
1026	0
1027	4
1028	4
1029	2
1030	1
1031	2
1032	3
1033	2
1034	4
1035	3
1036	4
1037	1
1038	2
1039	2
1040	4
1041	1
1042	1
1043	0
1044	3
1045	3
1046	4
1047	2
1048	4
1049	3
1050	4
1051	4
1052	4
1053	1
1054	4
1055	2
1056	4
1057	4
1058	4
1059	2
1060	2
1061	4
1062	4
1063	4
1064	1
1065	4
1066	4
1067	2
1068	4
1069	1
1070	4
1071	2
1072	3
1073	4
1074	3
1075	4
1076	4
1077	4
1078	4
1079	4
1080	1
1081	2
1082	1
1083	1
1084	1
1085	4
1086	3
1087	4
1088	1
1089	4
1090	4
1091	4
1092	2
1093	0
1094	2
1095	4
1096	1
1097	4
1098	1
1099	0
1100	4
1101	4
1102	4
1103	3
1104	3
1105	3
1106	4
1107	3
1108	4
1109	2
1110	1
1111	0
1112	1
1113	1
1114	4
1115	2
1116	4
1117	3
1118	4
1119	4
1120	4
1121	2
1122	3
1123	4
1124	4
1125	4
1126	2
1127	4
1128	2
1129	4
1130	3
1131	1
1132	4
1133	1
1134	1
1135	4
1136	2
1137	1
1138	2
1139	0
1140	1
1141	4
1142	4
1143	3
1144	1
1145	1
1146	1
1147	4
1148	4
1149	0
1150	1
1151	4
1152	3
1153	4
1154	4
1155	2
1156	4
1157	3
1158	4
1159	1
1160	4
1161	2
1162	4
1163	4
1164	3
1165	2
1166	3
1167	4
1168	1
1169	1
1170	4
1171	1
1172	3
1173	4
1174	2
1175	1
1176	4
1177	3
1178	0
1179	1
1180	4
1181	4
1182	4
1183	2
1184	4
1185	1
1186	2
1187	1
1188	4
1189	1
1190	4
1191	4
1192	4
1193	1
1194	1
1195	4
1196	4
1197	2
1198	4
1199	3
1200	4
1201	1
1202	3
1203	4
1204	4
1205	3
1206	4
1207	3
1208	4
1209	4
1210	1
1211	1
1212	4
1213	2
1214	1
1215	2
1216	4
1217	1
1218	4
1219	1
1220	2
1221	2
1222	3
1223	4
1224	2
1225	1
1226	4
1227	4
1228	3
1229	4
1230	4
1231	1
1232	4
1233	4
1234	4
1235	4
1236	1
1237	3
1238	4
1239	4
1240	4
1241	3
1242	0
1243	4
1244	1
1245	4
1246	4
1247	0
1248	1
1249	4
1250	2
1251	4
1252	4
1253	4
1254	1
1255	3
1256	2
1257	3
1258	1
1259	2
1260	3
1261	3
1262	1
1263	4
1264	4
1265	2
1266	2
1267	4
1268	1
1269	1
1270	2
1271	4
1272	0
1273	2
1274	4
1275	1
1276	2
1277	4
1278	1
1279	4
1280	1
1281	0
1282	0
1283	4
1284	4
1285	3
1286	3
1287	3
1288	3
1289	3
1290	2
1291	2
1292	2
1293	2
1294	2
1295	2
1296	4
1297	4
1298	4
1299	4
1300	0
1301	4
1302	2
1303	4
1304	4
1305	2
1306	4
1307	4
1308	1
1309	1
1310	3
1311	1
1312	4
1313	4
1314	1
1315	1
1316	4
1317	2
1318	4
1319	4
1320	2
1321	4
1322	4
1323	2
1324	0
1325	4
1326	4
1327	1
1328	3
1329	4
1330	2
1331	4
1332	3
1333	4
1334	4
1335	3
1336	4
1337	2
1338	4
1339	4
1340	3
1341	1
1342	2
1343	3
1344	3
1345	4
1346	0
1347	3
1348	1
1349	4
1350	4
1351	2
1352	4
1353	3
1354	1
1355	4
1356	4
1357	3
1358	1
1359	4
1360	4
1361	2
1362	1
1363	0
1364	3
1365	4
1366	4
1367	2
1368	4
1369	1
1370	3
1371	1
1372	1
1373	1
1374	4
1375	1
1376	4
1377	4
1378	4
1379	4
1380	4
1381	4
1382	4
1383	4
1384	1
1385	4
1386	4
1387	4
1388	4
1389	2
1390	2
1391	1
1392	4
1393	4
1394	2
1395	2
1396	3
1397	4
1398	4
1399	0
1400	4
1401	1
1402	4
1403	2
1404	2
1405	1
1406	4
1407	1
1408	4
1409	2
1410	4
1411	3
1412	2
1413	1
1414	4
1415	4
1416	3
1417	4
1418	3
1419	4
1420	2
1421	4
1422	3
1423	4
1424	0
1425	4
1426	1
1427	1
1428	1
1429	4
1430	4
1431	2
1432	1
1433	2
1434	4
1435	2
1436	3
1437	2
1438	4
1439	3
1440	4
1441	4
1442	4
1443	4
1444	1
1445	4
1446	3
1447	4
1448	4
1449	4
1450	1
1451	4
1452	2
1453	4
1454	4
1455	1
1456	2
1457	4
1458	2
1459	1
1460	1
1461	1
1462	4
1463	3
1464	3
1465	4
1466	4
1467	1
1468	3
1469	4
1470	4
1471	4
1472	1
1473	4
1474	0
1475	1
1476	1
1477	4
1478	1
1479	0
1480	4
1481	4
1482	4
1483	4
1484	4
1485	0
1486	1
1487	1
1488	4
1489	1
1490	0
1491	4
1492	2
1493	0
1494	1
1495	1
1496	4
1497	2
1498	4
1499	2
1500	2
1501	2
1502	1
1503	1
1504	4
1505	1
1506	2
1507	4
1508	2
1509	3
1510	2
1511	2
1512	2
1513	1
1514	4
1515	4
1516	4
1517	4
1518	4
1519	2
1520	4
1521	3
1522	0
1523	2
1524	1
1525	4
1526	4
1527	4
1528	4
1529	4
1530	3
1531	2
1532	4
1533	4
1534	2
1535	2
1536	0
1537	2
1538	2
1539	3
1540	3
1541	4
1542	1
1543	1
1544	2
1545	1
1546	3
1547	4
1548	3
1549	1
1550	4
1551	4
1552	4
1553	2
1554	1
1555	2
1556	2
1557	2
1558	0
1559	4
1560	2
1561	1
1562	0
1563	4
1564	4
1565	4
1566	1
1567	2
1568	1
1569	3
1570	4
1571	4
1572	4
1573	4
1574	4
1575	4
1576	2
1577	4
1578	4
1579	3
1580	4
1581	4
1582	0
1583	4
1584	4
1585	3
1586	3
1587	0
1588	1
1589	3
1590	3
1591	1
1592	4
1593	2
1594	4
1595	4
1596	3
1597	4
1598	4
1599	2
1600	3
1601	0
1602	2
1603	4
1604	2
1605	1
1606	4
1607	2
1608	1
1609	1
1610	4
1611	4
1612	2
1613	1
1614	4
1615	3
1616	1
1617	4
1618	2
1619	1
1620	0
1621	1
1622	3
1623	1
1624	3
1625	0
1626	0
1627	4
1628	1
1629	4
1630	4
1631	1
1632	4
1633	4
1634	4
1635	4
1636	3
1637	1
1638	3
1639	1
1640	1
1641	4
1642	3
1643	0
1644	4
1645	1
1646	2
1647	1
1648	4
1649	4
1650	2
1651	4
1652	4
1653	1
1654	4
1655	3
1656	3
1657	1
1658	3
1659	4
1660	3
1661	4
1662	3
1663	1
1664	2
1665	1
1666	4
1667	3
1668	2
1669	4
1670	3
1671	2
1672	4
1673	0
1674	4
1675	3
1676	4
1677	3
1678	1
1679	1
1680	4
1681	2
1682	2
1683	2
1684	3
1685	4
1686	4
1687	4
1688	4
1689	4
1690	1
1691	4
1692	4
1693	4
1694	2
1695	3
1696	4
1697	2
1698	2
1699	4
1700	4
1701	4
1702	1
1703	2
1704	3
1705	4
1706	0
1707	2
1708	4
1709	4
1710	2
1711	4
1712	3
1713	1
1714	1
1715	4
1716	1
1717	4
1718	1
1719	3
1720	1
1721	2
1722	1
1723	2
1724	4
1725	1
1726	4
1727	3
1728	4
1729	3
1730	2
1731	3
1732	4
1733	1
1734	3
1735	4
1736	1
1737	4
1738	1
1739	4
1740	1
1741	3
1742	1
1743	4
1744	3
1745	4
1746	4
1747	2
1748	4
1749	4
1750	4
1751	4
1752	1
1753	4
1754	4
1755	3
1756	3
1757	2
1758	4
1759	4
1760	3
1761	4
1762	4
1763	4
1764	2
1765	1
1766	4
1767	4
1768	1
1769	4
1770	3
1771	2
1772	3
1773	4
1774	3
1775	1
1776	1
1777	4
1778	1
1779	4
1780	2
1781	4
1782	4
1783	4
1784	2
1785	4
1786	1
1787	2
1788	4
1789	4
1790	4
1791	3
1792	4
1793	1
1794	1
1795	1
1796	1
1797	4
1798	4
1799	3
1800	3
1801	4
1802	0
1803	0
1804	4
1805	4
1806	3
1807	2
1808	1
1809	4
1810	4
1811	4
1812	3
1813	4
1814	3
1815	1
1816	0
1817	4
1818	4
1819	0
1820	4
1821	4
1822	4
1823	4
1824	1
1825	2
1826	3
1827	4
1828	4
1829	4
1830	4
1831	1
1832	2
1833	3
1834	1
1835	2
1836	1
1837	3
1838	4
1839	4
1840	4
1841	2
1842	0
1843	3
1844	1
1845	4
1846	4
1847	1
1848	2
1849	4
1850	1
1851	4
1852	1
1853	2
1854	1
1855	2
1856	4
1857	1
1858	4
1859	3
1860	4
1861	1
1862	1
1863	1
1864	4
1865	3
1866	4
1867	1
1868	4
1869	1
1870	1
1871	4
1872	1
1873	2
1874	4
1875	4
1876	4
1877	0
1878	4
1879	2
1880	4
1881	2
1882	4
1883	1
1884	1
1885	4
1886	1
1887	3
1888	4
1889	4
1890	3
1891	1
1892	1
1893	0
1894	3
1895	4
1896	2
1897	2
1898	4
1899	4
1900	1
1901	4
1902	2
1903	2
1904	2
1905	4
1906	4
1907	1
1908	4
1909	2
1910	1
1911	4
1912	4
1913	4
1914	1
1915	2
1916	1
1917	1
1918	3
1919	1
1920	4
1921	1
1922	1
1923	4
1924	0
1925	1
1926	2
1927	3
1928	1
1929	4
1930	2
1931	2
1932	4
1933	4
1934	0
1935	3
1936	1
1937	1
1938	4
1939	4
1940	4
1941	4
1942	4
1943	4
1944	3
1945	1
1946	4
1947	4
1948	2
1949	3
1950	2
1951	4
1952	2
1953	4
1954	1
1955	3
1956	4
1957	4
1958	1
1959	4
1960	4
1961	4
1962	1
1963	2
1964	4
1965	4
1966	2
1967	4
1968	4
1969	4
1970	1
1971	1
1972	2
1973	2
1974	3
1975	1
1976	3
1977	2
1978	4
1979	3
1980	3
1981	4
1982	4
1983	2
1984	4
1985	2
1986	1
1987	4
1988	4
1989	3
1990	4
1991	2
1992	4
1993	1
1994	3
1995	4
1996	4
1997	4
1998	3
1999	4
2000	0
2001	4
2002	1
2003	4
2004	3
2005	0
2006	2
2007	4
2008	2
2009	4
2010	2
2011	1
2012	2
2013	4
2014	4
2015	4
2016	3
2017	3
2018	4
2019	1
2020	4
2021	3
2022	1
2023	3
2024	4
2025	4
2026	2
2027	1
2028	0
2029	4
2030	4
2031	4
2032	4
2033	4
2034	2
2035	4
2036	4
2037	0
2038	3
2039	4
2040	3
2041	4
2042	2
2043	1
2044	4
2045	3
2046	3
2047	4
2048	1
2049	4
2050	4
2051	1
2052	4
2053	4
2054	2
2055	3
2056	2
2057	4
2058	4
2059	4
2060	4
2061	4
2062	2
2063	3
2064	4
2065	1
2066	4
2067	2
2068	1
2069	2
2070	4
2071	1
2072	2
2073	0
2074	3
2075	1
2076	1
2077	1
2078	4
2079	4
2080	4
2081	4
2082	4
2083	1
2084	2
2085	4
2086	4
2087	0
2088	2
2089	1
2090	3
2091	3
2092	2
2093	4
2094	1
2095	4
2096	4
2097	2
2098	4
2099	4
2100	4
2101	4
2102	2
2103	1
2104	2
2105	2
2106	4
2107	4
2108	4
2109	4
2110	4
2111	2
2112	3
2113	3
2114	2
2115	4
2116	1
2117	3
2118	1
2119	4
2120	0
2121	4
2122	2
2123	3
2124	1
2125	4
2126	4
2127	4
2128	2
2129	2
2130	4
2131	4
2132	4
2133	4
2134	4
2135	1
2136	2
2137	1
2138	1
2139	0
2140	2
2141	2
2142	3
2143	4
2144	4
2145	1
2146	4
2147	2
2148	3
2149	4
2150	1
2151	3
2152	2
2153	2
2154	1
2155	0
2156	0
2157	4
2158	1
2159	4
2160	4
2161	2
2162	4
2163	4
2164	4
2165	1
2166	3
2167	2
2168	3
2169	4
2170	4
2171	2
2172	4
2173	1
2174	2
2175	4
2176	3
2177	1
2178	2
2179	2
2180	4
2181	0
2182	4
2183	0
2184	1
2185	4
2186	1
2187	0
2188	2
2189	4
2190	4
2191	2
2192	4
2193	1
2194	1
2195	4
2196	1
2197	2
2198	3
2199	1
2200	3
2201	3
2202	3
2203	0
2204	2
2205	4
2206	4
2207	2
2208	1
2209	2
2210	4
2211	1
2212	4
2213	1
2214	4
2215	3
2216	1
2217	1
2218	2
2219	1
2220	4
2221	4
2222	1
2223	1
2224	1
2225	0
2226	4
2227	1
2228	4
2229	4
2230	2
2231	4
2232	2
2233	1
2234	1
2235	3
2236	4
2237	4
2238	1
2239	1
2240	1
2241	2
2242	1
2243	2
2244	1
2245	0
2246	4
2247	2
2248	4
2249	1
2250	4
2251	3
2252	2
2253	1
2254	3
2255	0
2256	4
2257	4
2258	4
2259	0
2260	2
2261	4
2262	1
2263	2
2264	1
2265	3
2266	0
2267	4
2268	4
2269	1
2270	2
2271	2
2272	4
2273	4
2274	4
2275	4
2276	1
2277	2
2278	4
2279	1
2280	0
2281	4
2282	4
2283	4
2284	4
2285	4
2286	2
2287	4
2288	2
2289	2
2290	1
2291	2
2292	4
2293	3
2294	1
2295	3
2296	1
2297	0
2298	1
2299	1
2300	4
2301	4
2302	4
2303	1
2304	4
2305	2
2306	4
2307	2
2308	1
2309	4
2310	1
2311	4
2312	4
2313	4
2314	4
2315	2
2316	1
2317	4
2318	1
2319	3
2320	2
2321	4
2322	0
2323	4
2324	4
2325	1
2326	4
2327	3
2328	3
2329	4
2330	2
2331	4
2332	1
2333	4
2334	1
2335	4
2336	1
2337	2
2338	4
2339	4
2340	2
2341	1
2342	0
2343	0
2344	2
2345	4
2346	2
2347	4
2348	4
2349	4
2350	0
2351	1
2352	4
2353	2
2354	4
2355	1
2356	4
2357	3
2358	4
2359	4
2360	4
2361	4
2362	4
2363	3
2364	4
2365	1
2366	2
2367	2
2368	4
2369	1
2370	1
2371	1
2372	4
2373	3
2374	4
2375	4
2376	4
2377	2
2378	4
2379	1
2380	4
2381	1
2382	4
2383	4
2384	2
2385	1
2386	4
2387	2
2388	4
2389	4
2390	1
2391	4
2392	2
2393	3
2394	0
2395	4
2396	4
2397	2
2398	4
2399	4
2400	2
2401	4
2402	2
2403	1
2404	4
2405	4
2406	1
2407	3
2408	2
2409	4
2410	4
2411	4
2412	1
2413	4
2414	4
2415	1
2416	4
2417	3
2418	3
2419	0
2420	2
2421	4
2422	4
2423	1
2424	1
2425	1
2426	3
2427	2
2428	3
2429	1
2430	1
2431	4
2432	4
2433	2
2434	2
2435	0
2436	1
2437	4
2438	4
2439	4
2440	1
2441	4
2442	3
2443	1
2444	4
2445	0
2446	2
2447	4
2448	4
2449	4
2450	1
2451	4
2452	4
2453	4
2454	4
2455	1
2456	4
2457	1
2458	4
2459	0
2460	2
2461	1
2462	4
2463	4
2464	0
2465	4
2466	1
2467	4
2468	4
2469	1
2470	4
2471	1
2472	3
2473	3
2474	4
2475	2
2476	4
2477	4
2478	3
2479	4
2480	4
2481	3
2482	3
2483	4
2484	4
2485	3
2486	4
2487	4
2488	1
2489	2
2490	4
2491	4
2492	2
2493	2
2494	3
2495	4
2496	3
2497	4
2498	1
2499	2
2500	2
2501	3
2502	4
2503	1
2504	4
2505	4
2506	4
2507	2
2508	4
2509	4
2510	3
2511	4
2512	3
2513	1
2514	3
2515	4
2516	4
2517	1
2518	1
2519	4
2520	4
2521	2
2522	3
2523	1
2524	3
2525	1
2526	4
2527	4
2528	4
2529	4
2530	1
2531	2
2532	2
2533	1
2534	1
2535	2
2536	4
2537	2
2538	4
2539	1
2540	3
2541	2
2542	4
2543	0
2544	4
2545	4
2546	4
2547	4
2548	3
2549	1
2550	3
2551	1
2552	4
2553	4
2554	4
2555	1
2556	4
2557	1
2558	4
2559	4
2560	4
2561	1
2562	4
2563	2
2564	3
2565	1
2566	2
2567	4
2568	1
2569	3
2570	4
2571	2
2572	1
2573	4
2574	1
2575	2
2576	2
2577	2
2578	1
2579	4
2580	4
2581	4
2582	1
2583	4
2584	2
2585	1
2586	4
2587	4
2588	4
2589	2
2590	4
2591	1
2592	3
2593	4
2594	2
2595	4
2596	4
2597	4
2598	0
2599	2
2600	3
2601	4
2602	4
2603	1
2604	0
2605	4
2606	2
2607	4
2608	4
2609	1
2610	1
2611	4
2612	2
2613	4
2614	2
2615	0
2616	3
2617	2
2618	3
2619	2
2620	4
2621	4
2622	4
2623	4
2624	4
2625	1
2626	4
2627	1
2628	4
2629	2
2630	4
2631	2
2632	2
2633	4
2634	3
2635	1
2636	2
2637	1
2638	4
2639	4
2640	4
2641	1
2642	4
2643	4
2644	4
2645	4
2646	4
2647	4
2648	4
2649	3
2650	3
2651	4
2652	2
2653	4
2654	1
2655	3
2656	4
2657	4
2658	1
2659	2
2660	3
2661	4
2662	1
2663	4
2664	0
2665	4
2666	3
2667	4
2668	3
2669	4
2670	2
2671	4
2672	2
2673	4
2674	1
2675	0
2676	1
2677	1
2678	1
2679	1
2680	4
2681	2
2682	2
2683	2
2684	2
2685	2
2686	1
2687	1
2688	4
2689	2
2690	2
2691	3
2692	4
2693	4
2694	2
2695	2
2696	1
2697	2
2698	3
2699	1
2700	2
2701	1
2702	3
2703	4
2704	1
2705	1
2706	1
2707	4
2708	4
2709	1
2710	1
2711	3
2712	4
2713	4
2714	4
2715	1
2716	4
2717	1
2718	2
2719	2
2720	4
2721	4
2722	1
2723	4
2724	2
2725	4
2726	1
2727	2
2728	4
2729	4
2730	4
2731	1
2732	1
2733	2
2734	3
2735	4
2736	4
2737	4
2738	1
2739	4
2740	4
2741	4
2742	3
2743	4
2744	4
2745	4
2746	1
2747	1
2748	4
2749	4
2750	4
2751	4
2752	4
2753	1
2754	4
2755	4
2756	4
2757	4
2758	4
2759	1
2760	3
2761	1
2762	3
2763	4
2764	4
2765	4
2766	1
2767	3
2768	1
2769	4
2770	1
2771	3
2772	0
2773	4
2774	1
2775	2
2776	4
2777	0
2778	4
2779	2
2780	4
2781	0
2782	4
2783	2
2784	4
2785	3
2786	4
2787	2
2788	0
2789	4
2790	1
2791	2
2792	4
2793	3
2794	4
2795	4
2796	0
2797	4
2798	3
2799	4
2800	4
2801	1
2802	0
2803	1
2804	1
2805	4
2806	1
2807	4
2808	4
2809	4
2810	3
2811	1
2812	3
2813	1
2814	4
2815	1
2816	2
2817	0
2818	3
2819	4
2820	1
2821	4
2822	4
2823	1
2824	2
2825	4
2826	4
2827	3
2828	1
2829	4
2830	2
2831	1
2832	4
2833	2
2834	2
2835	4
2836	2
2837	4
2838	1
2839	1
2840	4
2841	0
2842	4
2843	1
2844	1
2845	0
2846	0
2847	2
2848	3
2849	4
2850	2
2851	2
2852	4
2853	3
2854	4
2855	4
2856	4
2857	3
2858	4
2859	2
2860	2
2861	0
2862	0
2863	4
2864	4
2865	4
2866	4
2867	2
2868	1
2869	4
2870	1
2871	4
2872	4
2873	1
2874	4
2875	3
2876	2
2877	4
2878	2
2879	4
2880	2
2881	4
2882	4
2883	4
2884	0
2885	1
2886	4
2887	4
2888	4
2889	4
2890	3
2891	0
2892	2
2893	4
2894	4
2895	1
2896	2
2897	0
2898	1
2899	1
2900	2
2901	2
2902	0
2903	1
2904	3
2905	3
2906	1
2907	3
2908	1
2909	1
2910	4
2911	4
2912	4
2913	4
2914	4
2915	1
2916	0
2917	4
2918	1
2919	1
2920	2
2921	1
2922	1
2923	2
2924	0
2925	0
2926	4
2927	3
2928	4
2929	0
2930	2
2931	2
2932	2
2933	4
2934	0
2935	1
2936	4
2937	4
2938	1
2939	2
2940	4
2941	4
2942	1
2943	2
2944	3
2945	4
2946	1
2947	4
2948	4
2949	4
2950	0
2951	3
2952	2
2953	1
2954	2
2955	1
2956	4
2957	2
2958	2
2959	4
2960	0
2961	1
2962	3
2963	4
2964	2
2965	4
2966	3
2967	2
2968	0
2969	2
2970	2
2971	4
2972	0
2973	1
2974	4
2975	1
2976	1
2977	1
2978	3
2979	3
2980	1
2981	2
2982	4
2983	1
2984	1
2985	2
2986	4
2987	4
2988	4
2989	4
2990	4
2991	2
2992	2
2993	3
2994	4
2995	4
2996	4
2997	1
2998	4
2999	2
3000	0
3001	4
3002	2
3003	2
3004	4
3005	2
3006	1
3007	4
3008	1
3009	1
3010	4
3011	4
3012	4
3013	3
3014	4
3015	2
3016	3
3017	4
3018	3
3019	2
3020	4
3021	4
3022	4
3023	3
3024	4
3025	3
3026	2
3027	1
3028	4
3029	4
3030	4
3031	1
3032	1
3033	1
3034	2
3035	1
3036	4
3037	4
3038	3
3039	4
3040	2
3041	4
3042	3
3043	4
3044	2
3045	4
3046	3
3047	0
3048	4
3049	4
3050	1
3051	4
3052	4
3053	1
3054	3
3055	4
3056	4
3057	0
3058	2
3059	1
3060	2
3061	1
3062	1
3063	1
3064	4
3065	4
3066	4
3067	4
3068	4
3069	1
3070	1
3071	4
3072	4
3073	4
3074	4
3075	1
3076	3
3077	4
3078	1
3079	2
3080	4
3081	1
3082	1
3083	4
3084	3
3085	3
3086	0
3087	3
3088	4
3089	1
3090	3
3091	4
3092	0
3093	1
3094	2
3095	4
3096	4
3097	0
3098	1
3099	4
3100	1
3101	2
3102	4
3103	4
3104	4
3105	2
3106	3
3107	4
3108	3
3109	4
3110	2
3111	3
3112	4
3113	1
3114	2
3115	4
3116	4
3117	4
3118	1
3119	1
3120	1
3121	4
3122	1
3123	3
3124	4
3125	3
3126	0
3127	1
3128	4
3129	0
3130	3
3131	4
3132	4
3133	1
3134	4
3135	3
3136	4
3137	2
3138	2
3139	2
3140	0
3141	4
3142	4
3143	4
3144	4
3145	1
3146	2
3147	4
3148	4
3149	1
3150	2
3151	4
3152	1
3153	4
3154	2
3155	4
3156	4
3157	4
3158	4
3159	4
3160	4
3161	4
3162	1
3163	4
3164	0
3165	4
3166	4
3167	1
3168	4
3169	0
3170	2
3171	2
3172	4
3173	2
3174	4
3175	0
3176	2
3177	3
3178	4
3179	4
3180	4
3181	4
3182	1
3183	2
3184	4
3185	2
3186	4
3187	1
3188	3
3189	3
3190	4
3191	2
3192	2
3193	0
3194	4
3195	2
3196	3
3197	1
3198	2
3199	0
3200	4
3201	3
3202	1
3203	1
3204	4
3205	1
3206	4
3207	4
3208	1
3209	3
3210	4
3211	2
3212	2
3213	3
3214	4
3215	1
3216	3
3217	4
3218	1
3219	4
3220	4
3221	4
3222	1
3223	2
3224	4
3225	4
3226	3
3227	2
3228	3
3229	2
3230	1
3231	3
3232	2
3233	1
3234	4
3235	4
3236	4
3237	1
3238	1
3239	4
3240	4
3241	2
3242	4
3243	4
3244	4
3245	2
3246	4
3247	4
3248	4
3249	2
3250	4
3251	2
3252	2
3253	1
3254	1
3255	1
3256	2
3257	4
3258	4
3259	2
3260	4
3261	3
3262	4
3263	2
3264	2
3265	2
3266	3
3267	2
3268	1
3269	2
3270	1
3271	1
3272	4
3273	1
3274	1
3275	4
3276	0
3277	4
3278	4
3279	2
3280	4
3281	4
3282	3
3283	4
3284	4
3285	4
3286	1
3287	2
3288	4
3289	4
3290	3
3291	4
3292	1
3293	0
3294	4
3295	1
3296	4
3297	1
3298	1
3299	2
3300	4
3301	1
3302	2
3303	2
3304	4
3305	4
3306	3
3307	4
3308	1
3309	4
3310	1
3311	3
3312	1
3313	4
3314	4
3315	2
3316	1
3317	4
3318	4
3319	2
3320	2
3321	4
3322	1
3323	3
3324	1
3325	2
3326	1
3327	1
3328	0
3329	2
3330	2
3331	3
3332	3
3333	4
3334	1
3335	4
3336	4
3337	2
3338	4
3339	4
3340	4
3341	2
3342	4
3343	2
3344	0
3345	2
3346	4
3347	3
3348	4
3349	4
3350	1
3351	4
3352	3
3353	3
3354	4
3355	3
3356	1
3357	2
3358	4
3359	0
3360	2
3361	4
3362	4
3363	4
3364	4
3365	2
3366	2
3367	4
3368	4
3369	4
3370	4
3371	4
3372	2
3373	2
3374	4
3375	4
3376	4
3377	1
3378	4
3379	4
3380	3
3381	4
3382	3
3383	4
3384	2
3385	4
3386	2
3387	4
3388	0
3389	4
3390	1
3391	4
3392	4
3393	4
3394	0
3395	4
3396	3
3397	0
3398	4
3399	1
3400	2
3401	2
3402	4
3403	3
3404	2
3405	1
3406	4
3407	3
3408	1
3409	1
3410	4
3411	4
3412	2
3413	4
3414	3
3415	4
3416	1
3417	2
3418	4
3419	1
3420	0
3421	1
3422	1
3423	2
3424	4
3425	4
3426	4
3427	3
3428	4
3429	4
3430	4
3431	1
3432	0
3433	0
3434	4
3435	0
3436	4
3437	4
3438	4
3439	0
3440	1
3441	4
3442	4
3443	2
3444	2
3445	4
3446	4
3447	4
3448	3
3449	3
3450	3
3451	3
3452	1
3453	1
3454	4
3455	4
3456	4
3457	1
3458	4
3459	2
3460	1
3461	4
3462	4
3463	3
3464	2
3465	4
3466	4
3467	4
3468	4
3469	1
3470	2
3471	1
3472	2
3473	2
3474	2
3475	2
3476	4
3477	1
3478	2
3479	4
3480	4
3481	4
3482	4
3483	4
3484	2
3485	2
3486	3
3487	1
3488	2
3489	4
3490	4
3491	4
3492	1
3493	1
3494	3
3495	4
3496	2
3497	2
3498	2
3499	2
3500	1
3501	4
3502	3
3503	2
3504	1
3505	3
3506	4
3507	2
3508	4
3509	0
3510	4
3511	1
3512	1
3513	2
3514	4
3515	1
3516	3
3517	1
3518	2
3519	4
3520	1
3521	3
3522	4
3523	1
3524	4
3525	3
3526	4
3527	2
3528	2
3529	2
3530	4
3531	1
3532	2
3533	1
3534	3
3535	3
3536	4
3537	1
3538	4
3539	2
3540	3
3541	1
3542	3
3543	2
3544	1
3545	4
3546	1
3547	2
3548	0
3549	4
3550	2
3551	3
3552	1
3553	4
3554	4
3555	2
3556	2
3557	2
3558	1
3559	4
3560	4
3561	4
3562	3
3563	4
3564	2
3565	2
3566	0
3567	4
3568	4
3569	4
3570	4
3571	3
3572	1
3573	1
3574	4
3575	2
3576	4
3577	3
3578	4
3579	4
3580	4
3581	4
3582	0
3583	3
3584	0
3585	1
3586	2
3587	2
3588	4
3589	4
3590	2
3591	2
3592	3
3593	2
3594	3
3595	3
3596	1
3597	1
3598	1
3599	0
3600	2
3601	3
3602	4
3603	4
3604	2
3605	4
3606	2
3607	1
3608	1
3609	1
3610	1
3611	2
3612	1
3613	4
3614	0
3615	0
3616	4
3617	4
3618	2
3619	2
3620	3
3621	3
3622	1
3623	0
3624	4
3625	3
3626	0
3627	4
3628	4
3629	4
3630	1
3631	2
3632	4
3633	0
3634	4
3635	4
3636	4
3637	4
3638	4
3639	3
3640	1
3641	0
3642	0
3643	3
3644	0
3645	1
3646	4
3647	1
3648	1
3649	1
3650	4
3651	2
3652	3
3653	1
3654	4
3655	1
3656	4
3657	4
3658	2
3659	4
3660	4
3661	1
3662	3
3663	2
3664	2
3665	4
3666	4
3667	1
3668	4
3669	4
3670	2
3671	4
3672	0
3673	4
3674	1
3675	1
3676	4
3677	4
3678	4
3679	3
3680	4
3681	1
3682	4
3683	4
3684	4
3685	4
3686	3
3687	4
3688	4
3689	1
3690	1
3691	4
3692	2
3693	0
3694	4
3695	4
3696	4
3697	0
3698	1
3699	4
3700	4
3701	4
3702	1
3703	2
3704	1
3705	1
3706	4
3707	3
3708	3
3709	4
3710	4
3711	1
3712	2
3713	4
3714	3
3715	4
3716	4
3717	3
3718	0
3719	4
3720	2
3721	4
3722	4
3723	4
3724	3
3725	2
3726	4
3727	4
3728	1
3729	3
3730	3
3731	1
3732	2
3733	1
3734	1
3735	3
3736	4
3737	0
3738	4
3739	4
3740	4
3741	1
3742	1
3743	3
3744	4
3745	0
3746	1
3747	3
3748	4
3749	4
3750	4
3751	4
3752	4
3753	3
3754	3
3755	3
3756	4
3757	3
3758	4
3759	3
3760	2
3761	4
3762	4
3763	4
3764	2
3765	1
3766	2
3767	4
3768	0
3769	1
3770	4
3771	4
3772	4
3773	4
3774	3
3775	4
3776	3
3777	1
3778	3
3779	2
3780	4
3781	3
3782	4
3783	0
3784	1
3785	3
3786	4
3787	4
3788	3
3789	4
3790	1
3791	4
3792	4
3793	4
3794	3
3795	2
3796	1
3797	2
3798	2
3799	1
3800	2
3801	1
3802	4
3803	4
3804	4
3805	1
3806	2
3807	2
3808	3
3809	4
3810	4
3811	4
3812	4
3813	2
3814	4
3815	4
3816	4
3817	4
3818	2
3819	2
3820	4
3821	0
3822	4
3823	0
3824	4
3825	0
3826	4
3827	2
3828	4
3829	3
3830	2
3831	4
3832	4
3833	4
3834	2
3835	2
3836	0
3837	1
3838	4
3839	0
3840	3
3841	4
3842	4
3843	3
3844	4
3845	2
3846	4
3847	4
3848	1
3849	2
3850	2
3851	3
3852	2
3853	4
3854	1
3855	4
3856	1
3857	0
3858	4
3859	3
3860	1
3861	4
3862	2
3863	4
3864	4
3865	1
3866	2
3867	1
3868	1
3869	3
3870	4
3871	4
3872	1
3873	2
3874	2
3875	4
3876	1
3877	2
3878	1
3879	4
3880	1
3881	2
3882	4
3883	1
3884	4
3885	4
3886	4
3887	3
3888	2
3889	1
3890	1
3891	4
3892	2
3893	4
3894	4
3895	1
3896	2
3897	4
3898	4
3899	3
3900	3
3901	4
3902	1
3903	4
3904	4
3905	2
3906	0
3907	0
3908	2
3909	1
3910	3
3911	2
3912	4
3913	4
3914	0
3915	4
3916	4
3917	3
3918	4
3919	4
3920	4
3921	1
3922	1
3923	4
3924	2
3925	4
3926	3
3927	3
3928	0
3929	3
3930	1
3931	4
3932	4
3933	4
3934	1
3935	4
3936	1
3937	1
3938	4
3939	1
3940	3
3941	1
3942	1
3943	4
3944	2
3945	1
3946	2
3947	3
3948	4
3949	4
3950	3
3951	4
3952	4
3953	4
3954	4
3955	2
3956	4
3957	2
3958	4
3959	4
3960	4
3961	4
3962	0
3963	2
3964	1
3965	4
3966	3
3967	1
3968	3
3969	4
3970	1
3971	4
3972	2
3973	0
3974	4
3975	1
3976	3
3977	2
3978	1
3979	1
3980	1
3981	1
3982	0
3983	4
3984	2
3985	4
3986	4
3987	3
3988	2
3989	2
3990	2
3991	4
3992	4
3993	4
3994	4
3995	1
3996	4
3997	4
3998	4
3999	4
4000	4
4001	1
4002	4
4003	2
4004	1
4005	1
4006	2
4007	1
4008	4
4009	1
4010	2
4011	3
4012	1
4013	1
4014	1
4015	1
4016	4
4017	4
4018	4
4019	4
4020	4
4021	4
4022	0
4023	3
4024	4
4025	2
4026	0
4027	2
4028	4
4029	1
4030	1
4031	4
4032	2
4033	4
4034	4
4035	3
4036	1
4037	4
4038	1
4039	4
4040	0
4041	4
4042	2
4043	2
4044	1
4045	2
4046	1
4047	4
4048	2
4049	0
4050	3
4051	4
4052	4
4053	3
4054	2
4055	1
4056	0
4057	2
4058	2
4059	2
4060	4
4061	1
4062	4
4063	3
4064	4
4065	2
4066	2
4067	4
4068	4
4069	3
4070	1
4071	3
4072	2
4073	4
4074	1
4075	4
4076	1
4077	3
4078	4
4079	4
4080	4
4081	4
4082	4
4083	3
4084	4
4085	4
4086	2
4087	4
4088	4
4089	1
4090	4
4091	3
4092	3
4093	3
4094	3
4095	1
4096	2
4097	2
4098	1
4099	2
4100	4
4101	3
4102	4
4103	4
4104	4
4105	1
4106	3
4107	1
4108	2
4109	2
4110	1
4111	1
4112	4
4113	4
4114	3
4115	4
4116	2
4117	4
4118	4
4119	4
4120	2
4121	4
4122	4
4123	4
4124	4
4125	3
4126	1
4127	1
4128	2
4129	4
4130	2
4131	1
4132	4
4133	1
4134	2
4135	2
4136	1
4137	2
4138	3
4139	1
4140	4
4141	4
4142	2
4143	3
4144	1
4145	3
4146	1
4147	3
4148	1
4149	0
4150	4
4151	4
4152	4
4153	4
4154	3
4155	3
4156	1
4157	1
4158	2
4159	3
4160	3
4161	4
4162	0
4163	4
4164	2
4165	4
4166	3
4167	4
4168	4
4169	4
4170	3
4171	3
4172	4
4173	4
4174	4
4175	1
4176	3
4177	3
4178	1
4179	3
4180	0
4181	3
4182	4
4183	1
4184	4
4185	2
4186	4
4187	1
4188	4
4189	1
4190	4
4191	0
4192	1
4193	1
4194	4
4195	1
4196	1
4197	1
4198	1
4199	3
4200	4
4201	2
4202	4
4203	1
4204	4
4205	1
4206	2
4207	2
4208	1
4209	1
4210	2
4211	4
4212	4
4213	1
4214	4
4215	4
4216	1
4217	4
4218	1
4219	0
4220	4
4221	1
4222	1
4223	4
4224	2
4225	2
4226	4
4227	1
4228	2
4229	4
4230	2
4231	4
4232	1
4233	1
4234	2
4235	0
4236	3
4237	3
4238	4
4239	4
4240	4
4241	4
4242	0
4243	0
4244	2
4245	1
4246	4
4247	0
4248	4
4249	1
4250	3
4251	4
4252	3
4253	4
4254	4
4255	3
4256	3
4257	4
4258	3
4259	4
4260	1
4261	1
4262	4
4263	2
4264	3
4265	3
4266	4
4267	3
4268	2
4269	2
4270	2
4271	4
4272	4
4273	2
4274	1
4275	1
4276	3
4277	1
4278	2
4279	0
4280	1
4281	2
4282	4
4283	2
4284	1
4285	4
4286	4
4287	1
4288	3
4289	3
4290	3
4291	1
4292	0
4293	0
4294	4
4295	4
4296	1
4297	2
4298	1
4299	4
4300	4
4301	0
4302	2
4303	4
4304	3
4305	4
4306	4
4307	3
4308	4
4309	1
4310	4
4311	0
4312	3
4313	4
4314	4
4315	1
4316	4
4317	3
4318	2
4319	4
4320	4
4321	3
4322	3
4323	2
4324	1
4325	0
4326	4
4327	4
4328	1
4329	2
4330	1
4331	3
4332	4
4333	4
4334	1
4335	1
4336	1
4337	1
4338	1
4339	0
4340	0
4341	4
4342	4
4343	3
4344	4
4345	4
4346	1
4347	4
4348	1
4349	1
4350	4
4351	4
4352	4
4353	3
4354	3
4355	0
4356	1
4357	4
4358	2
4359	1
4360	4
4361	3
4362	1
4363	0
4364	4
4365	4
4366	1
4367	4
4368	3
4369	4
4370	2
4371	2
4372	4
4373	4
4374	4
4375	4
4376	4
4377	0
4378	2
4379	1
4380	3
4381	4
4382	3
4383	1
4384	0
4385	4
4386	4
4387	0
4388	1
4389	4
4390	4
4391	2
4392	4
4393	4
4394	4
4395	4
4396	4
4397	2
4398	1
4399	4
4400	1
4401	1
4402	4
4403	2
4404	4
4405	4
4406	3
4407	4
4408	4
4409	1
4410	2
4411	4
4412	4
4413	3
4414	2
4415	1
4416	1
4417	4
4418	4
4419	4
4420	4
4421	0
4422	0
4423	2
4424	1
4425	2
4426	1
4427	2
4428	2
4429	0
4430	4
4431	1
4432	3
4433	4
4434	4
4435	4
4436	4
4437	1
4438	1
4439	4
4440	4
4441	1
4442	2
4443	4
4444	0
4445	2
4446	4
4447	1
4448	4
4449	3
4450	1
4451	1
4452	1
4453	3
4454	2
4455	1
4456	4
4457	3
4458	4
4459	2
4460	3
4461	3
4462	4
4463	4
4464	4
4465	4
4466	4
4467	3
4468	2
4469	4
4470	1
4471	2
4472	4
4473	4
4474	2
4475	4
4476	0
4477	1
4478	1
4479	2
4480	1
4481	4
4482	4
4483	2
4484	2
4485	0
4486	1
4487	2
4488	1
4489	4
4490	4
4491	4
4492	3
4493	0
4494	1
4495	3
4496	3
4497	3
4498	1
4499	2
4500	1
4501	4
4502	4
4503	0
4504	3
4505	1
4506	3
4507	3
4508	2
4509	4
4510	2
4511	4
4512	2
4513	4
4514	1
4515	4
4516	4
4517	4
4518	4
4519	3
4520	3
4521	4
4522	2
4523	2
4524	4
4525	4
4526	2
4527	0
4528	4
4529	4
4530	2
4531	3
4532	4
4533	4
4534	4
4535	1
4536	0
4537	2
4538	2
4539	1
4540	4
4541	2
4542	3
4543	2
4544	4
4545	2
4546	3
4547	4
4548	3
4549	4
4550	3
4551	4
4552	4
4553	1
4554	4
4555	1
4556	1
4557	2
4558	4
4559	4
4560	4
4561	2
4562	2
4563	3
4564	2
4565	4
4566	4
4567	0
4568	4
4569	4
4570	4
4571	4
4572	2
4573	3
4574	4
4575	4
4576	1
4577	1
4578	4
4579	4
4580	3
4581	0
4582	3
4583	1
4584	1
4585	4
4586	4
4587	2
4588	4
4589	4
4590	0
4591	1
4592	4
4593	2
4594	4
4595	1
4596	4
4597	2
4598	1
4599	1
4600	4
4601	4
4602	1
4603	4
4604	1
4605	1
4606	3
4607	3
4608	0
4609	4
4610	1
4611	1
4612	2
4613	4
4614	4
4615	4
4616	4
4617	4
4618	4
4619	4
4620	4
4621	0
4622	4
4623	4
4624	4
4625	2
4626	4
4627	2
4628	3
4629	4
4630	0
4631	0
4632	4
4633	4
4634	4
4635	0
4636	1
4637	4
4638	2
4639	4
4640	4
4641	1
4642	2
4643	0
4644	2
4645	4
4646	1
4647	4
4648	4
4649	2
4650	2
4651	4
4652	4
4653	4
4654	4
4655	4
4656	4
4657	3
4658	0
4659	4
4660	3
4661	4
4662	4
4663	3
4664	4
4665	4
4666	1
4667	3
4668	1
4669	4
4670	1
4671	4
4672	4
4673	1
4674	1
4675	2
4676	4
4677	1
4678	0
4679	1
4680	4
4681	0
4682	0
4683	4
4684	4
4685	3
4686	3
4687	1
4688	4
4689	3
4690	3
4691	2
4692	3
4693	4
4694	1
4695	4
4696	4
4697	2
4698	3
4699	4
4700	1
4701	4
4702	1
4703	1
4704	4
4705	4
4706	4
4707	1
4708	4
4709	4
4710	1
4711	1
4712	4
4713	2
4714	3
4715	4
4716	4
4717	4
4718	0
4719	4
4720	4
4721	4
4722	1
4723	4
4724	4
4725	4
4726	4
4727	4
4728	4
4729	3
4730	3
4731	2
4732	2
4733	4
4734	1
4735	2
4736	1
4737	1
4738	4
4739	3
4740	3
4741	3
4742	1
4743	4
4744	4
4745	1
4746	2
4747	4
4748	2
4749	4
4750	3
4751	0
4752	1
4753	3
4754	4
4755	1
4756	0
4757	4
4758	4
4759	4
4760	0
4761	1
4762	4
4763	4
4764	2
4765	3
4766	4
4767	4
4768	4
4769	2
4770	3
4771	3
4772	4
4773	1
4774	2
4775	3
4776	0
4777	4
4778	4
4779	3
4780	2
4781	4
4782	2
4783	2
4784	1
4785	1
4786	4
4787	1
4788	4
4789	2
4790	4
4791	1
4792	4
4793	2
4794	2
4795	4
4796	4
4797	4
4798	2
4799	1
4800	4
4801	4
4802	4
4803	4
4804	4
4805	1
4806	4
4807	4
4808	4
4809	4
4810	2
4811	4
4812	4
4813	2
4814	4
4815	4
4816	1
4817	1
4818	4
4819	3
4820	2
4821	4
4822	4
4823	4
4824	0
4825	0
4826	4
4827	1
4828	4
4829	4
4830	1
4831	4
4832	2
4833	1
4834	2
4835	4
4836	4
4837	0
4838	2
4839	2
4840	0
4841	4
4842	0
4843	1
4844	4
4845	3
4846	4
4847	1
4848	1
4849	1
4850	2
4851	4
4852	4
4853	2
4854	1
4855	3
4856	4
4857	4
4858	2
4859	3
4860	4
4861	4
4862	1
4863	4
4864	4
4865	1
4866	3
4867	4
4868	4
4869	4
4870	2
4871	3
4872	2
4873	1
4874	3
4875	4
4876	3
4877	4
4878	4
4879	2
4880	1
4881	4
4882	4
4883	3
4884	4
4885	4
4886	2
4887	4
4888	4
4889	4
4890	4
4891	3
4892	0
4893	4
4894	2
4895	4
4896	1
4897	2
4898	1
4899	3
4900	3
4901	2
4902	4
4903	1
4904	1
4905	3
4906	4
4907	1
4908	3
4909	4
4910	4
4911	4
4912	4
4913	1
4914	1
4915	4
4916	4
4917	1
4918	4
4919	2
4920	3
4921	4
4922	2
4923	4
4924	1
4925	4
4926	1
4927	4
4928	4
4929	1
4930	4
4931	0
4932	1
4933	4
4934	4
4935	2
4936	3
4937	4
4938	1
4939	2
4940	3
4941	3
4942	4
4943	4
4944	2
4945	4
4946	2
4947	1
4948	2
4949	3
4950	3
4951	4
4952	4
4953	1
4954	2
4955	1
4956	2
4957	1
4958	4
4959	4
4960	4
4961	1
4962	4
4963	4
4964	2
4965	4
4966	0
4967	4
4968	1
4969	1
4970	1
4971	3
4972	1
4973	4
4974	3
4975	1
4976	1
4977	1
4978	1
4979	4
4980	4
4981	2
4982	1
4983	4
4984	4
4985	4
4986	4
4987	4
4988	4
4989	2
4990	4
4991	2
4992	2
4993	4
4994	4
4995	4
4996	4
4997	3
4998	1
4999	4
5000	4
5001	4
5002	2
5003	2
5004	4
5005	4
5006	4
5007	4
5008	4
5009	0
5010	4
5011	0
5012	0
5013	3
5014	4
5015	4
5016	3
5017	0
5018	3
5019	3
5020	4
5021	3
5022	1
5023	3
5024	2
5025	4
5026	4
5027	4
5028	1
5029	4
5030	4
5031	4
5032	4
5033	2
5034	4
5035	3
5036	1
5037	4
5038	4
5039	1
5040	4
5041	4
5042	2
5043	1
5044	4
5045	4
5046	4
5047	4
5048	2
5049	4
5050	4
5051	4
5052	3
5053	2
5054	1
5055	1
5056	4
5057	4
5058	1
5059	1
5060	3
5061	0
5062	1
5063	3
5064	1
5065	4
5066	4
5067	4
5068	4
5069	2
5070	4
5071	1
5072	4
5073	4
5074	1
5075	1
5076	4
5077	1
5078	4
5079	1
5080	4
5081	2
5082	4
5083	1
5084	1
5085	0
5086	4
5087	2
5088	1
5089	2
5090	4
5091	2
5092	4
5093	3
5094	0
5095	2
5096	4
5097	1
5098	4
5099	1
5100	1
5101	4
5102	3
5103	1
5104	3
5105	4
5106	2
5107	4
5108	4
5109	1
5110	4
5111	4
5112	1
5113	1
5114	1
5115	4
5116	4
5117	1
5118	2
5119	4
5120	2
5121	4
5122	4
5123	2
5124	2
5125	2
5126	4
5127	4
5128	4
5129	4
5130	2
5131	4
5132	1
5133	2
5134	2
5135	3
5136	3
5137	4
5138	4
5139	4
5140	4
5141	4
5142	0
5143	4
5144	1
5145	1
5146	2
5147	4
5148	4
5149	1
5150	4
5151	4
5152	2
5153	3
5154	4
5155	3
5156	1
5157	4
5158	4
5159	0
5160	3
5161	1
5162	4
5163	1
5164	2
5165	2
5166	4
5167	3
5168	4
5169	2
5170	1
5171	2
5172	4
5173	2
5174	1
5175	1
5176	4
5177	2
5178	1
5179	4
5180	2
5181	2
5182	4
5183	4
5184	1
5185	1
5186	4
5187	4
5188	4
5189	2
5190	1
5191	4
5192	4
5193	2
5194	4
5195	1
5196	4
5197	4
5198	2
5199	3
5200	4
5201	4
5202	4
5203	3
5204	2
5205	4
5206	4
5207	2
5208	4
5209	1
5210	1
5211	4
5212	4
5213	0
5214	3
5215	3
5216	3
5217	2
5218	0
5219	4
5220	2
5221	4
5222	4
5223	1
5224	4
5225	0
5226	4
5227	4
5228	2
5229	1
5230	2
5231	2
5232	2
5233	3
5234	4
5235	2
5236	4
5237	2
5238	3
5239	4
5240	2
5241	1
5242	4
5243	4
5244	4
5245	0
5246	2
5247	2
5248	0
5249	1
5250	3
5251	3
5252	2
5253	1
5254	2
5255	3
5256	1
5257	1
5258	2
5259	4
5260	4
5261	4
5262	4
5263	4
5264	3
5265	1
5266	4
5267	4
5268	4
5269	1
5270	4
5271	2
5272	2
5273	3
5274	1
5275	1
5276	1
5277	2
5278	1
5279	4
5280	3
5281	4
5282	1
5283	4
5284	0
5285	1
5286	1
5287	2
5288	3
5289	3
5290	2
5291	2
5292	2
5293	4
5294	2
5295	4
5296	3
5297	4
5298	1
5299	4
5300	4
5301	2
5302	1
5303	0
5304	4
5305	1
5306	2
5307	4
5308	3
5309	2
5310	4
5311	4
5312	3
5313	0
5314	4
5315	4
5316	2
5317	2
5318	0
5319	4
5320	2
5321	4
5322	3
5323	1
5324	3
5325	2
5326	2
5327	4
5328	4
5329	3
5330	1
5331	4
5332	3
5333	2
5334	4
5335	4
5336	4
5337	4
5338	3
5339	1
5340	1
5341	4
5342	1
5343	0
5344	0
5345	4
5346	4
5347	4
5348	2
5349	1
5350	4
5351	4
5352	2
5353	4
5354	4
5355	1
5356	4
5357	0
5358	4
5359	4
5360	4
5361	4
5362	2
5363	3
5364	4
5365	1
5366	4
5367	4
5368	4
5369	4
5370	4
5371	4
5372	1
5373	4
5374	3
5375	2
5376	4
5377	4
5378	4
5379	0
5380	0
5381	1
5382	2
5383	2
5384	1
5385	1
5386	1
5387	3
5388	1
5389	4
5390	4
5391	2
5392	2
5393	4
5394	4
5395	0
5396	2
5397	2
5398	4
5399	4
5400	4
5401	4
5402	4
5403	2
5404	4
5405	1
5406	1
5407	2
5408	3
5409	4
5410	2
5411	4
5412	4
5413	3
5414	4
5415	1
5416	4
5417	1
5418	1
5419	2
5420	2
5421	1
5422	1
5423	4
5424	4
5425	2
5426	4
5427	4
5428	4
5429	3
5430	4
5431	2
5432	1
5433	3
5434	4
5435	1
5436	0
5437	4
5438	1
5439	4
5440	2
5441	3
5442	4
5443	1
5444	2
5445	1
5446	0
5447	3
5448	4
5449	1
5450	1
5451	4
5452	4
5453	2
5454	2
5455	4
5456	2
5457	3
5458	4
5459	4
5460	4
5461	3
5462	0
5463	4
5464	2
5465	1
5466	1
5467	4
5468	0
5469	2
5470	4
5471	4
5472	4
5473	1
5474	4
5475	2
5476	3
5477	4
5478	4
5479	1
5480	3
5481	0
5482	3
5483	4
5484	4
5485	4
5486	1
5487	0
5488	4
5489	3
5490	3
5491	4
5492	2
5493	1
5494	4
5495	1
5496	3
5497	4
5498	2
5499	4
5500	0
5501	2
5502	4
5503	4
5504	4
5505	4
5506	4
5507	1
5508	0
5509	1
5510	2
5511	3
5512	4
5513	1
5514	4
5515	3
5516	0
5517	1
5518	4
5519	0
5520	1
5521	0
5522	4
5523	4
5524	0
5525	2
5526	2
5527	0
5528	1
5529	1
5530	1
5531	0
5532	1
5533	4
5534	2
5535	4
5536	3
5537	4
5538	2
5539	1
5540	2
5541	1
5542	3
5543	4
5544	2
5545	3
5546	0
5547	2
5548	2
5549	4
5550	3
5551	3
5552	2
5553	3
5554	1
5555	3
5556	1
5557	4
5558	0
5559	4
5560	1
5561	4
5562	4
5563	1
5564	1
5565	4
5566	4
5567	4
5568	4
5569	3
5570	2
5571	2
5572	0
5573	1
5574	1
5575	1
5576	4
5577	1
5578	4
5579	2
5580	1
5581	4
5582	2
5583	3
5584	1
5585	2
5586	2
5587	1
5588	1
5589	3
5590	3
5591	4
5592	3
5593	1
5594	2
5595	2
5596	4
5597	4
5598	1
5599	2
5600	4
5601	2
5602	4
5603	1
5604	4
5605	4
5606	4
5607	4
5608	4
5609	4
5610	2
5611	1
5612	0
5613	4
5614	1
5615	0
5616	2
5617	4
5618	1
5619	2
5620	1
5621	4
5622	1
5623	4
5624	2
5625	4
5626	0
5627	0
5628	1
5629	1
5630	0
5631	1
5632	1
5633	4
5634	3
5635	4
5636	3
5637	1
5638	0
5639	3
5640	0
5641	4
5642	3
5643	4
5644	1
5645	4
5646	4
5647	4
5648	2
5649	4
5650	4
5651	2
5652	4
5653	0
5654	1
5655	4
5656	4
5657	4
5658	4
5659	1
5660	4
5661	1
5662	4
5663	0
5664	4
5665	2
5666	1
5667	4
5668	0
5669	1
5670	4
5671	2
5672	4
5673	2
5674	3
5675	4
5676	1
5677	1
5678	4
5679	2
5680	2
5681	2
5682	1
5683	4
5684	1
5685	0
5686	0
5687	3
5688	0
5689	1
5690	3
5691	4
5692	3
5693	4
5694	3
5695	2
5696	2
5697	0
5698	3
5699	4
5700	2
5701	1
5702	3
5703	4
5704	0
5705	2
5706	1
5707	2
5708	2
5709	2
5710	4
5711	1
5712	4
5713	2
5714	4
5715	4
5716	1
5717	2
5718	1
5719	3
5720	2
5721	2
5722	1
5723	4
5724	4
5725	4
5726	4
5727	4
5728	1
5729	4
5730	1
5731	4
5732	4
5733	4
5734	1
5735	1
5736	3
5737	4
5738	1
5739	1
5740	2
5741	3
5742	0
5743	4
5744	2
5745	0
5746	2
5747	4
5748	1
5749	4
5750	0
5751	3
5752	1
5753	4
5754	4
5755	3
5756	3
5757	4
5758	1
5759	2
5760	2
5761	4
5762	4
5763	3
5764	2
5765	4
5766	1
5767	2
5768	1
5769	2
5770	1
5771	3
5772	2
5773	4
5774	1
5775	2
5776	4
5777	1
5778	1
5779	1
5780	2
5781	4
5782	2
5783	0
5784	4
5785	0
5786	3
5787	2
5788	4
5789	2
5790	0
5791	3
5792	1
5793	1
5794	2
5795	4
5796	2
5797	4
5798	4
5799	4
5800	0
5801	4
5802	4
5803	4
5804	1
5805	4
5806	2
5807	1
5808	1
5809	4
5810	1
5811	1
5812	1
5813	3
5814	3
5815	4
5816	4
5817	1
5818	1
5819	1
5820	4
5821	4
5822	2
5823	4
5824	4
5825	1
5826	2
5827	4
5828	1
5829	3
5830	4
5831	4
5832	1
5833	1
5834	1
5835	2
5836	2
5837	1
5838	4
5839	2
5840	2
5841	2
5842	4
5843	4
5844	2
5845	3
5846	4
5847	4
5848	4
5849	4
5850	4
5851	2
5852	4
5853	3
5854	0
5855	4
5856	3
5857	4
5858	4
5859	4
5860	4
5861	1
5862	4
5863	4
5864	4
5865	0
5866	4
5867	3
5868	0
5869	1
5870	3
5871	4
5872	1
5873	1
5874	1
5875	2
5876	4
5877	3
5878	4
5879	2
5880	4
5881	4
5882	1
5883	4
5884	4
5885	1
5886	4
5887	3
5888	4
5889	2
5890	2
5891	4
5892	3
5893	2
5894	4
5895	4
5896	3
5897	4
5898	4
5899	4
5900	2
5901	1
5902	4
5903	4
5904	3
5905	3
5906	1
5907	4
5908	4
5909	3
5910	1
5911	2
5912	4
5913	4
5914	0
5915	4
5916	4
5917	4
5918	1
5919	4
5920	4
5921	4
5922	2
5923	3
5924	4
5925	4
5926	4
5927	1
5928	2
5929	4
5930	4
5931	4
5932	1
5933	4
5934	4
5935	4
5936	0
5937	2
5938	4
5939	1
5940	2
5941	4
5942	1
5943	4
5944	1
5945	1
5946	4
5947	4
5948	2
5949	4
5950	4
5951	2
5952	3
5953	4
5954	4
5955	4
5956	2
5957	1
5958	0
5959	4
5960	1
5961	2
5962	4
5963	3
5964	4
5965	2
5966	1
5967	3
5968	4
5969	1
5970	3
5971	4
5972	1
5973	4
5974	1
5975	3
5976	4
5977	4
5978	3
5979	0
5980	2
5981	4
5982	3
5983	1
5984	3
5985	3
5986	1
5987	4
5988	4
5989	4
5990	4
5991	2
5992	4
5993	3
5994	4
5995	2
5996	2
5997	4
5998	4
5999	1
6000	4
6001	3
6002	4
6003	4
6004	2
6005	3
6006	1
6007	4
6008	3
6009	3
6010	3
6011	0
6012	1
6013	4
6014	4
6015	1
6016	4
6017	1
6018	1
6019	4
6020	1
6021	1
6022	4
6023	4
6024	2
6025	1
6026	3
6027	1
6028	4
6029	3
6030	4
6031	2
6032	3
6033	1
6034	4
6035	4
6036	2
6037	1
6038	4
6039	1
6040	2
6041	1
6042	4
6043	4
6044	4
6045	1
6046	3
6047	0
6048	2
6049	0
6050	3
6051	0
6052	4
6053	1
6054	3
6055	0
6056	4
6057	4
6058	1
6059	0
6060	3
6061	3
6062	4
6063	1
6064	3
6065	1
6066	1
6067	1
6068	4
6069	4
6070	3
6071	2
6072	2
6073	4
6074	4
6075	2
6076	2
6077	3
6078	1
6079	2
6080	1
6081	1
6082	1
6083	4
6084	4
6085	4
6086	4
6087	0
6088	2
6089	3
6090	1
6091	1
6092	3
6093	1
6094	2
6095	0
6096	1
6097	1
6098	1
6099	1
6100	2
6101	4
6102	2
6103	1
6104	4
6105	2
6106	4
6107	4
6108	4
6109	4
6110	4
6111	4
6112	4
6113	1
6114	1
6115	1
6116	4
6117	4
6118	4
6119	1
6120	4
6121	4
6122	4
6123	4
6124	4
6125	1
6126	4
6127	2
6128	2
6129	4
6130	1
6131	1
6132	4
6133	1
6134	1
6135	4
6136	2
6137	4
6138	4
6139	2
6140	2
6141	3
6142	4
6143	4
6144	1
6145	4
6146	2
6147	0
6148	4
6149	2
6150	2
6151	1
6152	2
6153	1
6154	2
6155	1
6156	4
6157	2
6158	2
6159	1
6160	4
6161	2
6162	1
6163	4
6164	1
6165	4
6166	1
6167	4
6168	1
6169	3
6170	1
6171	4
6172	0
6173	2
6174	1
6175	4
6176	4
6177	4
6178	4
6179	3
6180	4
6181	1
6182	1
6183	4
6184	4
6185	1
6186	1
6187	2
6188	3
6189	4
6190	4
6191	4
6192	1
6193	4
6194	1
6195	1
6196	3
6197	1
6198	1
6199	1
6200	0
6201	0
6202	4
6203	4
6204	4
6205	3
6206	4
6207	4
6208	0
6209	3
6210	1
6211	2
6212	1
6213	2
6214	4
6215	4
6216	4
6217	3
6218	1
6219	2
6220	4
6221	1
6222	4
6223	4
6224	4
6225	1
6226	2
6227	4
6228	1
6229	1
6230	0
6231	4
6232	1
6233	4
6234	2
6235	1
6236	1
6237	1
6238	4
6239	4
6240	1
6241	4
6242	1
6243	1
6244	0
6245	1
6246	0
6247	4
6248	4
6249	4
6250	1
6251	4
6252	3
6253	4
6254	4
6255	1
6256	3
6257	4
6258	1
6259	4
6260	3
6261	4
6262	4
6263	4
6264	4
6265	4
6266	4
6267	4
6268	4
6269	1
6270	1
6271	1
6272	0
6273	2
6274	0
6275	4
6276	4
6277	2
6278	1
6279	1
6280	4
6281	4
6282	4
6283	2
6284	4
6285	2
6286	2
6287	4
6288	2
6289	2
6290	4
6291	4
6292	4
6293	4
6294	4
6295	4
6296	1
6297	4
6298	2
6299	1
6300	1
6301	1
6302	4
6303	2
6304	4
6305	1
6306	1
6307	4
6308	2
6309	2
6310	4
6311	1
6312	3
6313	0
6314	4
6315	4
6316	4
6317	4
6318	4
6319	1
6320	1
6321	2
6322	2
6323	4
6324	1
6325	1
6326	2
6327	1
6328	4
6329	4
6330	0
6331	4
6332	4
6333	4
6334	0
6335	1
6336	4
6337	1
6338	1
6339	4
6340	0
6341	4
6342	2
6343	3
6344	4
6345	4
6346	1
6347	2
6348	4
6349	4
6350	1
6351	4
6352	2
6353	1
6354	4
6355	1
6356	4
6357	1
6358	1
6359	1
6360	4
6361	4
6362	4
6363	2
6364	4
6365	3
6366	3
6367	3
6368	4
6369	4
6370	4
6371	0
6372	4
6373	2
6374	2
6375	4
6376	3
6377	4
6378	1
6379	4
6380	2
6381	2
6382	4
6383	4
6384	1
6385	4
6386	4
6387	3
6388	4
6389	1
6390	2
6391	4
6392	1
6393	3
6394	1
6395	3
6396	1
6397	4
6398	3
6399	4
6400	1
6401	3
6402	4
6403	2
6404	1
6405	1
6406	4
6407	4
6408	4
6409	1
6410	1
6411	1
6412	1
6413	4
6414	4
6415	2
6416	3
6417	1
6418	4
6419	4
6420	3
6421	2
6422	1
6423	4
6424	4
6425	4
6426	1
6427	3
6428	2
6429	4
6430	4
6431	4
6432	4
6433	4
6434	2
6435	2
6436	1
6437	1
6438	1
6439	1
6440	3
6441	4
6442	3
6443	1
6444	1
6445	4
6446	4
6447	1
6448	1
6449	4
6450	4
6451	4
6452	2
6453	4
6454	3
6455	3
6456	4
6457	3
6458	2
6459	3
6460	1
6461	4
6462	2
6463	0
6464	4
6465	1
6466	1
6467	2
6468	4
6469	4
6470	4
6471	3
6472	3
6473	1
6474	4
6475	3
6476	1
6477	3
6478	4
6479	4
6480	1
6481	1
6482	2
6483	1
6484	1
6485	4
6486	1
6487	2
6488	2
6489	4
6490	4
6491	1
6492	4
6493	1
6494	4
6495	1
6496	1
6497	0
6498	0
6499	4
6500	4
6501	4
6502	2
6503	4
6504	2
6505	2
6506	4
6507	1
6508	1
6509	4
6510	4
6511	1
6512	4
6513	2
6514	4
6515	3
6516	4
6517	1
6518	4
6519	3
6520	2
6521	2
6522	1
6523	0
6524	2
6525	1
6526	4
6527	1
6528	2
6529	1
6530	4
6531	1
6532	1
6533	3
6534	3
6535	4
6536	4
6537	4
6538	2
6539	3
6540	1
6541	4
6542	3
6543	1
6544	2
6545	4
6546	3
6547	2
6548	4
6549	3
6550	3
6551	4
6552	4
6553	2
6554	2
6555	1
6556	4
6557	0
6558	4
6559	4
6560	4
6561	4
6562	2
6563	4
6564	0
6565	2
6566	3
6567	4
6568	1
6569	1
6570	4
6571	4
6572	4
6573	4
6574	1
6575	2
6576	4
6577	2
6578	1
6579	4
6580	1
6581	0
6582	4
6583	4
6584	2
6585	4
6586	4
6587	4
6588	1
6589	0
6590	1
6591	3
6592	3
6593	1
6594	4
6595	3
6596	0
6597	4
6598	2
6599	1
6600	1
6601	1
6602	4
6603	1
6604	4
6605	2
6606	4
6607	0
6608	4
6609	4
6610	4
6611	2
6612	4
6613	3
6614	4
6615	4
6616	1
6617	4
6618	2
6619	1
6620	2
6621	4
6622	4
6623	4
6624	3
6625	2
6626	2
6627	1
6628	4
6629	0
6630	4
6631	4
6632	4
6633	0
6634	1
6635	1
6636	1
6637	4
6638	2
6639	1
6640	2
6641	4
6642	4
6643	4
6644	4
6645	4
6646	1
6647	1
6648	4
6649	4
6650	2
6651	4
6652	4
6653	1
6654	4
6655	2
6656	4
6657	2
6658	3
6659	0
6660	1
6661	4
6662	4
6663	2
6664	1
6665	1
6666	4
6667	3
6668	1
6669	4
6670	2
6671	4
6672	4
6673	4
6674	2
6675	4
6676	2
6677	4
6678	2
6679	4
6680	2
6681	4
6682	4
6683	3
6684	4
6685	4
6686	2
6687	1
6688	4
6689	1
6690	1
6691	4
6692	4
6693	1
6694	4
6695	1
6696	4
6697	0
6698	0
6699	4
6700	1
6701	2
6702	3
6703	3
6704	2
6705	1
6706	3
6707	1
6708	0
6709	4
6710	1
6711	3
6712	3
6713	4
6714	4
6715	2
6716	4
6717	1
6718	4
6719	3
6720	1
6721	1
6722	1
6723	4
6724	4
6725	4
6726	1
6727	0
6728	4
6729	4
6730	1
6731	4
6732	1
6733	2
6734	4
6735	2
6736	4
6737	3
6738	4
6739	0
6740	4
6741	2
6742	1
6743	4
6744	4
6745	2
6746	4
6747	1
6748	4
6749	2
6750	2
6751	1
6752	4
6753	1
6754	3
6755	2
6756	1
6757	4
6758	4
6759	2
6760	4
6761	1
6762	4
6763	4
6764	3
6765	2
6766	1
6767	4
6768	4
6769	4
6770	3
6771	4
6772	4
6773	4
6774	2
6775	4
6776	2
6777	2
6778	3
6779	3
6780	4
6781	1
6782	1
6783	1
6784	4
6785	3
6786	3
6787	4
6788	1
6789	4
6790	4
6791	3
6792	4
6793	4
6794	4
6795	4
6796	1
6797	4
6798	4
6799	4
6800	4
6801	4
6802	4
6803	1
6804	4
6805	4
6806	4
6807	2
6808	2
6809	0
6810	4
6811	4
6812	1
6813	4
6814	1
6815	1
6816	4
6817	0
6818	4
6819	1
6820	4
6821	1
6822	4
6823	0
6824	2
6825	4
6826	2
6827	4
6828	3
6829	4
6830	2
6831	4
6832	3
6833	4
6834	4
6835	4
6836	4
6837	1
6838	2
6839	4
6840	1
6841	2
6842	4
6843	1
6844	4
6845	4
6846	1
6847	4
6848	2
6849	1
6850	3
6851	2
6852	1
6853	1
6854	4
6855	4
6856	0
6857	1
6858	4
6859	3
6860	1
6861	1
6862	3
6863	1
6864	1
6865	2
6866	1
6867	4
6868	4
6869	4
6870	4
6871	4
6872	4
6873	1
6874	1
6875	4
6876	4
6877	2
6878	1
6879	4
6880	0
6881	1
6882	4
6883	3
6884	3
6885	1
6886	4
6887	1
6888	4
6889	0
6890	2
6891	1
6892	2
6893	1
6894	0
6895	4
6896	4
6897	1
6898	1
6899	1
6900	4
6901	2
6902	1
6903	4
6904	3
6905	1
6906	4
6907	2
6908	4
6909	4
6910	1
6911	0
6912	1
6913	2
6914	2
6915	4
6916	3
6917	0
6918	2
6919	4
6920	1
6921	4
6922	2
6923	4
6924	4
6925	4
6926	4
6927	1
6928	1
6929	1
6930	1
6931	1
6932	4
6933	2
6934	2
6935	4
6936	2
6937	4
6938	0
6939	4
6940	4
6941	1
6942	1
6943	2
6944	4
6945	1
6946	4
6947	4
6948	4
6949	1
6950	2
6951	1
6952	4
6953	3
6954	4
6955	4
6956	4
6957	2
6958	2
6959	0
6960	4
6961	1
6962	2
6963	1
6964	4
6965	4
6966	1
6967	2
6968	4
6969	4
6970	0
6971	1
6972	4
6973	1
6974	4
6975	4
6976	0
6977	4
6978	0
6979	4
6980	1
6981	1
6982	0
6983	4
6984	2
6985	3
6986	4
6987	4
6988	4
6989	2
6990	4
6991	2
6992	2
6993	3
6994	1
6995	4
6996	3
6997	1
6998	2
6999	4
7000	4
7001	4
7002	2
7003	4
7004	1
7005	4
7006	2
7007	0
7008	0
7009	4
7010	2
7011	4
7012	1
7013	1
7014	2
7015	4
7016	4
7017	4
7018	4
7019	4
7020	4
7021	3
7022	4
7023	1
7024	4
7025	1
7026	4
7027	4
7028	3
7029	1
7030	2
7031	4
7032	1
7033	1
7034	1
7035	2
7036	2
7037	4
7038	3
7039	1
7040	0
7041	4
7042	1
7043	4
7044	3
7045	4
7046	4
7047	4
7048	4
7049	2
7050	3
7051	1
7052	1
7053	4
7054	2
7055	4
7056	3
7057	2
7058	4
7059	4
7060	4
7061	1
7062	4
7063	4
7064	1
7065	2
7066	2
7067	4
7068	3
7069	4
7070	4
7071	4
7072	4
7073	1
7074	4
7075	2
7076	3
7077	1
7078	4
7079	3
7080	2
7081	4
7082	2
7083	4
7084	4
7085	4
7086	4
7087	3
7088	0
7089	2
7090	2
7091	1
7092	1
7093	4
7094	4
7095	4
7096	1
7097	4
7098	4
7099	2
7100	4
7101	4
7102	3
7103	2
7104	4
7105	4
7106	4
7107	2
7108	4
7109	1
7110	1
7111	3
7112	4
7113	4
7114	0
7115	4
7116	4
7117	4
7118	4
7119	2
7120	1
7121	3
7122	3
7123	2
7124	1
7125	4
7126	4
7127	3
7128	2
7129	2
7130	3
7131	3
7132	1
7133	2
7134	1
7135	4
7136	2
7137	3
7138	2
7139	3
7140	4
7141	2
7142	3
7143	3
7144	1
7145	4
7146	4
7147	2
7148	1
7149	1
7150	0
7151	2
7152	4
7153	4
7154	4
7155	1
7156	2
7157	2
7158	4
7159	1
7160	4
7161	4
7162	2
7163	2
7164	4
7165	4
7166	2
7167	2
7168	3
7169	4
7170	1
7171	0
7172	4
7173	2
7174	4
7175	2
7176	4
7177	4
7178	4
7179	1
7180	2
7181	2
7182	4
7183	3
7184	3
7185	4
7186	4
7187	4
7188	4
7189	4
7190	1
7191	1
7192	4
7193	2
7194	1
7195	4
7196	2
7197	4
7198	1
7199	2
7200	1
7201	4
7202	3
7203	1
7204	2
7205	3
7206	4
7207	4
7208	3
7209	4
7210	4
7211	1
7212	1
7213	4
7214	1
7215	3
7216	4
7217	1
7218	3
7219	4
7220	4
7221	3
7222	3
7223	2
7224	2
7225	4
7226	1
7227	1
7228	3
7229	1
7230	3
7231	4
7232	4
7233	4
7234	3
7235	1
7236	3
7237	2
7238	2
7239	3
7240	4
7241	4
7242	4
7243	4
7244	4
7245	4
7246	4
7247	4
7248	4
7249	3
7250	2
7251	1
7252	4
7253	1
7254	2
7255	3
7256	4
7257	4
7258	4
7259	2
7260	4
7261	1
7262	4
7263	4
7264	2
7265	2
7266	4
7267	0
7268	3
7269	4
7270	4
7271	4
7272	2
7273	3
7274	1
7275	4
7276	1
7277	4
7278	0
7279	4
7280	4
7281	4
7282	2
7283	4
7284	4
7285	2
7286	4
7287	4
7288	1
7289	4
7290	4
7291	4
7292	3
7293	3
7294	4
7295	1
7296	1
7297	4
7298	1
7299	4
7300	1
7301	4
7302	1
7303	1
7304	4
7305	2
7306	4
7307	4
7308	3
7309	4
7310	4
7311	4
7312	1
7313	2
7314	2
7315	4
7316	1
7317	1
7318	2
7319	2
7320	4
7321	4
7322	4
7323	1
7324	4
7325	4
7326	4
7327	4
7328	3
7329	4
7330	4
7331	4
7332	4
7333	1
7334	3
7335	4
7336	3
7337	4
7338	2
7339	0
7340	0
7341	4
7342	2
7343	1
7344	1
7345	1
7346	2
7347	1
7348	3
7349	4
7350	2
7351	2
7352	1
7353	4
7354	4
7355	2
7356	2
7357	4
7358	1
7359	1
7360	1
7361	4
7362	4
7363	3
7364	2
7365	4
7366	1
7367	4
7368	4
7369	1
7370	4
7371	4
7372	3
7373	1
7374	3
7375	4
7376	3
7377	3
7378	4
7379	4
7380	4
7381	4
7382	1
7383	4
7384	4
7385	4
7386	2
7387	4
7388	4
7389	3
7390	4
7391	3
7392	4
7393	2
7394	4
7395	3
7396	2
7397	2
7398	4
7399	2
7400	2
7401	1
7402	1
7403	4
7404	0
7405	4
7406	4
7407	2
7408	1
7409	4
7410	4
7411	4
7412	4
7413	1
7414	4
7415	3
7416	4
7417	4
7418	2
7419	3
7420	0
7421	4
7422	4
7423	2
7424	2
7425	4
7426	1
7427	4
7428	4
7429	4
7430	4
7431	1
7432	4
7433	4
7434	2
7435	1
7436	3
7437	0
7438	4
7439	4
7440	4
7441	4
7442	1
7443	4
7444	4
7445	3
7446	1
7447	2
7448	4
7449	4
7450	1
7451	3
7452	2
7453	4
7454	2
7455	4
7456	4
7457	4
7458	1
7459	1
7460	1
7461	2
7462	3
7463	2
7464	3
7465	4
7466	4
7467	4
7468	0
7469	0
7470	3
7471	4
7472	3
7473	4
7474	2
7475	1
7476	4
7477	3
7478	1
7479	2
7480	2
7481	4
7482	3
7483	1
7484	4
7485	4
7486	4
7487	4
7488	2
7489	2
7490	4
7491	4
7492	2
7493	1
7494	4
7495	4
7496	2
7497	4
7498	4
7499	4
7500	1
7501	4
7502	2
7503	3
7504	4
7505	4
7506	4
7507	3
7508	4
7509	3
7510	4
7511	3
7512	4
7513	2
7514	4
7515	4
7516	4
7517	4
7518	2
7519	2
7520	4
7521	0
7522	3
7523	1
7524	2
7525	0
7526	2
7527	1
7528	2
7529	2
7530	0
7531	4
7532	4
7533	1
7534	2
7535	4
7536	2
7537	1
7538	4
7539	2
7540	4
7541	4
7542	4
7543	2
7544	1
7545	2
7546	4
7547	1
7548	1
7549	4
7550	3
7551	2
7552	4
7553	1
7554	3
7555	2
7556	4
7557	4
7558	1
7559	1
7560	4
7561	3
7562	4
7563	1
7564	1
7565	4
7566	4
7567	1
7568	2
7569	2
7570	1
7571	4
7572	1
7573	0
7574	4
7575	2
7576	1
7577	3
7578	1
7579	4
7580	4
7581	1
7582	2
7583	1
7584	4
7585	4
7586	4
7587	4
7588	4
7589	2
7590	4
7591	2
7592	1
7593	4
7594	3
7595	4
7596	2
7597	4
7598	4
7599	2
7600	3
7601	1
7602	4
7603	4
7604	0
7605	3
7606	4
7607	2
7608	4
7609	3
7610	1
7611	2
7612	3
7613	0
7614	1
7615	3
7616	0
7617	4
7618	1
7619	1
7620	4
7621	4
7622	1
7623	4
7624	1
7625	4
7626	4
7627	4
7628	0
7629	2
7630	4
7631	3
7632	4
7633	4
7634	2
7635	1
7636	4
7637	2
7638	4
7639	2
7640	1
7641	4
7642	0
7643	4
7644	1
7645	4
7646	2
7647	1
7648	4
7649	3
7650	3
7651	2
7652	4
7653	0
7654	0
7655	1
7656	4
7657	4
7658	2
7659	0
7660	4
7661	1
7662	4
7663	2
7664	3
7665	4
7666	4
7667	4
7668	4
7669	3
7670	2
7671	1
7672	4
7673	4
7674	1
7675	1
7676	3
7677	4
7678	3
7679	2
7680	2
7681	2
7682	1
7683	4
7684	0
7685	1
7686	3
7687	1
7688	4
7689	2
7690	1
7691	4
7692	4
7693	2
7694	1
7695	1
7696	4
7697	3
7698	4
7699	4
7700	2
7701	3
7702	4
7703	4
7704	4
7705	4
7706	4
7707	4
7708	4
7709	4
7710	4
7711	1
7712	4
7713	4
7714	3
7715	1
7716	4
7717	3
7718	3
7719	4
7720	2
7721	4
7722	1
7723	2
7724	1
7725	4
7726	2
7727	1
7728	0
7729	4
7730	4
7731	2
7732	1
7733	4
7734	2
7735	4
7736	4
7737	1
7738	1
7739	3
7740	3
7741	0
7742	3
7743	1
7744	4
7745	2
7746	4
7747	2
7748	3
7749	1
7750	3
7751	1
7752	2
7753	4
7754	4
7755	1
7756	4
7757	3
7758	3
7759	0
7760	1
7761	2
7762	1
7763	1
7764	2
7765	3
7766	4
7767	3
7768	2
7769	2
7770	4
7771	4
7772	4
7773	1
7774	1
7775	4
7776	0
7777	4
7778	4
7779	1
7780	1
7781	2
7782	4
7783	4
7784	4
7785	2
7786	4
7787	1
7788	0
7789	1
7790	3
7791	4
7792	3
7793	1
7794	1
7795	3
7796	2
7797	2
7798	4
7799	4
7800	4
7801	2
7802	1
7803	2
7804	2
7805	0
7806	4
7807	3
7808	2
7809	4
7810	4
7811	4
7812	1
7813	4
7814	2
7815	4
7816	1
7817	3
7818	2
7819	2
7820	2
7821	4
7822	1
7823	1
7824	4
7825	4
7826	4
7827	4
7828	4
7829	4
7830	4
7831	2
7832	1
7833	4
7834	2
7835	2
7836	1
7837	0
7838	1
7839	1
7840	4
7841	1
7842	2
7843	1
7844	1
7845	4
7846	2
7847	3
7848	4
7849	1
7850	4
7851	4
7852	1
7853	1
7854	4
7855	4
7856	4
7857	4
7858	2
7859	4
7860	0
7861	1
7862	4
7863	4
7864	1
7865	4
7866	1
7867	3
7868	1
7869	4
7870	4
7871	4
7872	0
7873	1
7874	4
7875	4
7876	1
7877	2
7878	4
7879	2
7880	4
7881	4
7882	4
7883	2
7884	4
7885	2
7886	2
7887	2
7888	1
7889	3
7890	4
7891	2
7892	2
7893	4
7894	4
7895	1
7896	1
7897	0
7898	3
7899	1
7900	2
7901	4
7902	1
7903	4
7904	4
7905	1
7906	4
7907	4
7908	1
7909	4
7910	3
7911	4
7912	1
7913	3
7914	3
7915	4
7916	4
7917	4
7918	1
7919	3
7920	4
7921	2
7922	4
7923	1
7924	4
7925	3
7926	4
7927	2
7928	4
7929	1
7930	2
7931	4
7932	4
7933	2
7934	2
7935	4
7936	4
7937	4
7938	3
7939	4
7940	1
7941	0
7942	1
7943	1
7944	2
7945	4
7946	4
7947	3
7948	4
7949	1
7950	1
7951	2
7952	3
7953	4
7954	4
7955	4
7956	4
7957	2
7958	0
7959	2
7960	4
7961	4
7962	1
7963	3
7964	2
7965	4
7966	1
7967	2
7968	2
7969	1
7970	2
7971	4
7972	1
7973	4
7974	4
7975	4
7976	1
7977	4
7978	2
7979	3
7980	4
7981	3
7982	1
7983	1
7984	1
7985	0
7986	4
7987	2
7988	4
7989	4
7990	2
7991	4
7992	2
7993	2
7994	4
7995	4
7996	3
7997	1
7998	2
7999	3
8000	3
8001	1
8002	1
8003	4
8004	4
8005	3
8006	4
8007	4
8008	4
8009	4
8010	4
8011	4
8012	4
8013	2
8014	4
8015	4
8016	4
8017	4
8018	1
8019	4
8020	3
8021	2
8022	4
8023	4
8024	3
8025	3
8026	4
8027	1
8028	4
8029	1
8030	2
8031	4
8032	1
8033	1
8034	0
8035	2
8036	4
8037	4
8038	4
8039	3
8040	2
8041	1
8042	1
8043	4
8044	4
8045	2
8046	1
8047	1
8048	1
8049	2
8050	3
8051	4
8052	1
8053	3
8054	2
8055	4
8056	4
8057	4
8058	3
8059	0
8060	4
8061	4
8062	2
8063	2
8064	0
8065	3
8066	4
8067	4
8068	4
8069	4
8070	3
8071	4
8072	4
8073	1
8074	2
8075	4
8076	4
8077	1
8078	4
8079	3
8080	3
8081	4
8082	4
8083	2
8084	1
8085	4
8086	2
8087	3
8088	4
8089	4
8090	4
8091	4
8092	4
8093	4
8094	4
8095	4
8096	4
8097	4
8098	4
8099	1
8100	4
8101	0
8102	2
8103	1
8104	2
8105	4
8106	2
8107	2
8108	0
8109	4
8110	3
8111	1
8112	3
8113	1
8114	3
8115	3
8116	4
8117	1
8118	0
8119	4
8120	1
8121	1
8122	1
8123	3
8124	4
8125	4
8126	2
8127	4
8128	1
8129	1
8130	4
8131	4
8132	4
8133	2
8134	1
8135	0
8136	2
8137	1
8138	4
8139	4
8140	1
8141	3
8142	1
8143	4
8144	3
8145	4
8146	4
8147	2
8148	1
8149	0
8150	4
8151	4
8152	3
8153	2
8154	3
8155	4
8156	3
8157	3
8158	2
8159	4
8160	4
8161	4
8162	3
8163	4
8164	2
8165	3
8166	4
8167	3
8168	3
8169	0
8170	1
8171	3
8172	1
8173	1
8174	2
8175	2
8176	4
8177	4
8178	4
8179	4
8180	2
8181	1
8182	0
8183	4
8184	1
8185	0
8186	0
8187	4
8188	1
8189	4
8190	4
8191	4
8192	4
8193	1
8194	4
8195	4
8196	4
8197	1
8198	1
8199	4
8200	1
8201	3
8202	3
8203	3
8204	4
8205	1
8206	4
8207	3
8208	4
8209	2
8210	1
8211	4
8212	0
8213	4
8214	4
8215	4
8216	1
8217	4
8218	3
8219	1
8220	4
8221	1
8222	2
8223	2
8224	4
8225	4
8226	4
8227	3
8228	4
8229	1
8230	4
8231	1
8232	4
8233	3
8234	1
8235	1
8236	4
8237	1
8238	4
8239	1
8240	1
8241	2
8242	4
8243	4
8244	2
8245	3
8246	4
8247	4
8248	1
8249	4
8250	4
8251	3
8252	3
8253	2
8254	4
8255	4
8256	1
8257	3
8258	4
8259	2
8260	4
8261	3
8262	4
8263	3
8264	2
8265	2
8266	4
8267	4
8268	4
8269	3
8270	1
8271	3
8272	4
8273	4
8274	4
8275	4
8276	2
8277	4
8278	1
8279	2
8280	1
8281	1
8282	4
8283	4
8284	1
8285	4
8286	4
8287	4
8288	4
8289	2
8290	4
8291	1
8292	2
8293	4
8294	4
8295	4
8296	4
8297	4
8298	4
8299	1
8300	1
8301	1
8302	1
8303	2
8304	0
8305	0
8306	4
8307	4
8308	4
8309	4
8310	4
8311	3
8312	4
8313	0
8314	4
8315	4
8316	3
8317	3
8318	1
8319	4
8320	4
8321	0
8322	4
8323	3
8324	2
8325	4
8326	3
8327	4
8328	3
8329	4
8330	4
8331	1
8332	1
8333	4
8334	4
8335	4
8336	4
8337	1
8338	3
8339	2
8340	4
8341	0
8342	3
8343	4
8344	4
8345	3
8346	1
8347	4
8348	2
8349	4
8350	1
8351	2
8352	2
8353	1
8354	1
8355	4
8356	1
8357	4
8358	4
8359	4
8360	4
8361	4
8362	4
8363	4
8364	4
8365	4
8366	4
8367	4
8368	0
8369	4
8370	4
8371	2
8372	4
8373	1
8374	0
8375	4
8376	4
8377	4
8378	4
8379	3
8380	3
8381	1
8382	4
8383	2
8384	3
8385	3
8386	3
8387	4
8388	4
8389	1
8390	2
8391	2
8392	1
8393	4
8394	0
8395	4
8396	4
8397	4
8398	1
8399	4
8400	1
8401	1
8402	1
8403	4
8404	1
8405	4
8406	1
8407	4
8408	4
8409	1
8410	2
8411	4
8412	0
8413	3
8414	2
8415	2
8416	1
8417	4
8418	1
8419	1
8420	4
8421	4
8422	1
8423	3
8424	4
8425	3
8426	4
8427	1
8428	1
8429	3
8430	1
8431	1
8432	2
8433	0
8434	4
8435	2
8436	4
8437	1
8438	4
8439	4
8440	2
8441	4
8442	4
8443	3
8444	4
8445	4
8446	4
8447	4
8448	1
8449	4
8450	2
8451	2
8452	4
8453	3
8454	1
8455	4
8456	3
8457	1
8458	3
8459	1
8460	0
8461	4
8462	4
8463	3
8464	2
8465	1
8466	3
8467	4
8468	3
8469	4
8470	2
8471	1
8472	2
8473	3
8474	1
8475	1
8476	2
8477	1
8478	2
8479	4
8480	1
8481	3
8482	1
8483	2
8484	4
8485	4
8486	1
8487	4
8488	2
8489	4
8490	2
8491	4
8492	2
8493	2
8494	4
8495	4
8496	1
8497	4
8498	3
8499	3
8500	4
8501	4
8502	2
8503	4
8504	1
8505	2
8506	1
8507	4
8508	1
8509	1
8510	2
8511	1
8512	1
8513	2
8514	4
8515	4
8516	4
8517	1
8518	4
8519	1
8520	0
8521	2
8522	4
8523	4
8524	3
8525	4
8526	4
8527	4
8528	4
8529	1
8530	4
8531	1
8532	4
8533	2
8534	4
8535	4
8536	1
8537	2
8538	4
8539	2
8540	4
8541	2
8542	2
8543	4
8544	4
8545	1
8546	4
8547	1
8548	1
8549	3
8550	2
8551	4
8552	4
8553	3
8554	1
8555	1
8556	1
8557	3
8558	3
8559	2
8560	2
8561	1
8562	4
8563	2
8564	4
8565	1
8566	4
8567	4
8568	2
8569	1
8570	3
8571	2
8572	2
8573	4
8574	2
8575	2
8576	0
8577	2
8578	2
8579	2
8580	2
8581	2
8582	4
8583	1
8584	4
8585	3
8586	4
8587	3
8588	0
8589	3
8590	2
8591	4
8592	4
8593	4
8594	2
8595	4
8596	3
8597	4
8598	4
8599	1
8600	1
8601	4
8602	3
8603	1
8604	0
8605	1
8606	3
8607	0
8608	4
8609	4
8610	4
8611	0
8612	4
8613	4
8614	4
8615	4
8616	4
8617	4
8618	3
8619	2
8620	4
8621	3
8622	0
8623	4
8624	4
8625	2
8626	0
8627	3
8628	2
8629	2
8630	2
8631	2
8632	0
8633	4
8634	4
8635	1
8636	1
8637	1
8638	1
8639	4
8640	1
8641	4
8642	4
8643	2
8644	2
8645	1
8646	3
8647	4
8648	2
8649	3
8650	1
8651	3
8652	2
8653	4
8654	4
8655	1
8656	4
8657	1
8658	1
8659	4
8660	4
8661	4
8662	2
8663	2
8664	2
8665	4
8666	4
8667	4
8668	3
8669	4
8670	3
8671	1
8672	0
8673	4
8674	4
8675	0
8676	2
8677	2
8678	4
8679	1
8680	4
8681	4
8682	2
8683	2
8684	1
8685	3
8686	2
8687	2
8688	4
8689	4
8690	1
8691	1
8692	1
8693	0
8694	4
8695	3
8696	4
8697	0
8698	1
8699	4
8700	4
8701	2
8702	4
8703	4
8704	4
8705	2
8706	4
8707	2
8708	1
8709	2
8710	1
8711	2
8712	2
8713	1
8714	1
8715	4
8716	4
8717	4
8718	2
8719	4
8720	4
8721	1
8722	4
8723	1
8724	2
8725	2
8726	3
8727	4
8728	4
8729	4
8730	1
8731	4
8732	4
8733	2
8734	4
8735	4
8736	1
8737	1
8738	2
8739	2
8740	3
8741	2
8742	0
8743	2
8744	1
8745	3
8746	4
8747	4
8748	0
8749	4
8750	2
8751	4
8752	4
8753	2
8754	1
8755	4
8756	1
8757	4
8758	1
8759	4
8760	2
8761	3
8762	4
8763	1
8764	1
8765	3
8766	4
8767	4
8768	4
8769	0
8770	4
8771	1
8772	4
8773	0
8774	2
8775	1
8776	3
8777	4
8778	4
8779	4
8780	1
8781	4
8782	2
8783	1
8784	3
8785	3
8786	4
8787	4
8788	4
8789	4
8790	4
8791	2
8792	4
8793	4
8794	4
8795	0
8796	1
8797	4
8798	4
8799	3
8800	3
8801	4
8802	4
8803	1
8804	2
8805	4
8806	4
8807	4
8808	1
8809	2
8810	1
8811	1
8812	2
8813	2
8814	1
8815	4
8816	4
8817	2
8818	4
8819	4
8820	4
8821	3
8822	2
8823	0
8824	0
8825	2
8826	4
8827	4
8828	1
8829	2
8830	4
8831	4
8832	4
8833	4
8834	2
8835	4
8836	4
8837	4
8838	3
8839	1
8840	4
8841	2
8842	1
8843	1
8844	1
8845	4
8846	3
8847	2
8848	4
8849	4
8850	4
8851	4
8852	3
8853	0
8854	4
8855	4
8856	2
8857	2
8858	1
8859	2
8860	4
8861	1
8862	0
8863	2
8864	3
8865	1
8866	1
8867	2
8868	2
8869	2
8870	2
8871	1
8872	3
8873	2
8874	1
8875	4
8876	0
8877	0
8878	1
8879	1
8880	0
8881	1
8882	2
8883	3
8884	1
8885	1
8886	3
8887	1
8888	4
8889	4
8890	4
8891	4
8892	4
8893	4
8894	4
8895	1
8896	4
8897	2
8898	2
8899	0
8900	1
8901	4
8902	4
8903	4
8904	4
8905	4
8906	2
8907	4
8908	4
8909	2
8910	4
8911	4
8912	3
8913	1
8914	4
8915	1
8916	4
8917	4
8918	2
8919	1
8920	4
8921	3
8922	4
8923	4
8924	3
8925	4
8926	2
8927	4
8928	2
8929	1
8930	1
8931	1
8932	4
8933	4
8934	1
8935	4
8936	3
8937	4
8938	4
8939	1
8940	4
8941	1
8942	2
8943	1
8944	2
8945	4
8946	4
8947	1
8948	2
8949	2
8950	1
8951	4
8952	4
8953	2
8954	4
8955	3
8956	1
8957	4
8958	4
8959	4
8960	1
8961	3
8962	4
8963	1
8964	4
8965	2
8966	1
8967	4
8968	4
8969	2
8970	1
8971	2
8972	0
8973	4
8974	2
8975	4
8976	0
8977	4
8978	4
8979	4
8980	4
8981	4
8982	4
8983	4
8984	4
8985	1
8986	1
8987	4
8988	0
8989	1
8990	4
8991	4
8992	4
8993	2
8994	4
8995	4
8996	4
8997	0
8998	4
8999	2
9000	2
9001	4
9002	0
9003	2
9004	2
9005	4
9006	1
9007	4
9008	1
9009	4
9010	1
9011	4
9012	4
9013	4
9014	0
9015	2
9016	4
9017	4
9018	4
9019	2
9020	2
9021	1
9022	4
9023	1
9024	3
9025	4
9026	4
9027	2
9028	2
9029	4
9030	4
9031	2
9032	0
9033	4
9034	3
9035	1
9036	4
9037	1
9038	1
9039	3
9040	4
9041	3
9042	2
9043	1
9044	4
9045	1
9046	4
9047	4
9048	1
9049	3
9050	1
9051	2
9052	1
9053	4
9054	4
9055	1
9056	4
9057	4
9058	4
9059	4
9060	4
9061	2
9062	4
9063	2
9064	1
9065	4
9066	4
9067	4
9068	2
9069	2
9070	2
9071	4
9072	4
9073	2
9074	4
9075	1
9076	3
9077	3
9078	1
9079	2
9080	4
9081	0
9082	1
9083	4
9084	2
9085	4
9086	4
9087	4
9088	2
9089	3
9090	0
9091	2
9092	3
9093	2
9094	1
9095	4
9096	4
9097	4
9098	1
9099	3
9100	2
9101	1
9102	1
9103	1
9104	4
9105	4
9106	1
9107	4
9108	0
9109	2
9110	2
9111	0
9112	2
9113	2
9114	1
9115	4
9116	4
9117	1
9118	2
9119	4
9120	4
9121	1
9122	1
9123	4
9124	3
9125	2
9126	1
9127	4
9128	4
9129	4
9130	3
9131	4
9132	4
9133	1
9134	4
9135	0
9136	4
9137	4
9138	4
9139	3
9140	4
9141	1
9142	4
9143	1
9144	4
9145	2
9146	4
9147	4
9148	0
9149	4
9150	4
9151	4
9152	4
9153	3
9154	4
9155	0
9156	4
9157	4
9158	3
9159	1
9160	4
9161	4
9162	2
9163	0
9164	1
9165	0
9166	2
9167	1
9168	4
9169	0
9170	4
9171	1
9172	2
9173	2
9174	2
9175	1
9176	4
9177	1
9178	1
9179	1
9180	4
9181	1
9182	2
9183	1
9184	4
9185	4
9186	4
9187	1
9188	4
9189	1
9190	4
9191	0
9192	2
9193	2
9194	4
9195	1
9196	4
9197	2
9198	0
9199	1
9200	3
9201	3
9202	2
9203	4
9204	2
9205	3
9206	4
9207	4
9208	1
9209	2
9210	4
9211	4
9212	4
9213	4
9214	3
9215	3
9216	4
9217	4
9218	2
9219	2
9220	0
9221	1
9222	4
9223	2
9224	2
9225	4
9226	4
9227	4
9228	4
9229	4
9230	1
9231	1
9232	3
9233	4
9234	1
9235	1
9236	4
9237	2
9238	4
9239	4
9240	4
9241	4
9242	1
9243	2
9244	1
9245	1
9246	1
9247	2
9248	4
9249	1
9250	1
9251	2
9252	2
9253	1
9254	1
9255	4
9256	1
9257	1
9258	2
9259	2
9260	1
9261	1
9262	4
9263	4
9264	3
9265	4
9266	0
9267	4
9268	3
9269	2
9270	1
9271	2
9272	2
9273	2
9274	1
9275	1
9276	1
9277	4
9278	1
9279	4
9280	4
9281	3
9282	4
9283	4
9284	4
9285	3
9286	2
9287	3
9288	4
9289	4
9290	4
9291	4
9292	4
9293	3
9294	4
9295	4
9296	0
9297	0
9298	2
9299	2
9300	2
9301	4
9302	1
9303	3
9304	3
9305	4
9306	2
9307	4
9308	1
9309	2
9310	1
9311	4
9312	1
9313	4
9314	1
9315	4
9316	1
9317	4
9318	1
9319	1
9320	0
9321	4
9322	3
9323	4
9324	1
9325	1
9326	4
9327	4
9328	4
9329	0
9330	2
9331	4
9332	4
9333	1
9334	4
9335	2
9336	1
9337	4
9338	4
9339	4
9340	1
9341	3
9342	4
9343	0
9344	4
9345	4
9346	4
9347	1
9348	3
9349	4
9350	1
9351	0
9352	4
9353	4
9354	0
9355	3
9356	3
9357	4
9358	3
9359	4
9360	4
9361	3
9362	1
9363	3
9364	1
9365	2
9366	1
9367	2
9368	3
9369	1
9370	4
9371	0
9372	1
9373	1
9374	1
9375	2
9376	2
9377	2
9378	1
9379	4
9380	4
9381	4
9382	4
9383	1
9384	4
9385	4
9386	4
9387	3
9388	3
9389	4
9390	2
9391	4
9392	1
9393	4
9394	2
9395	1
9396	4
9397	4
9398	1
9399	0
9400	2
9401	4
9402	4
9403	3
9404	4
9405	4
9406	4
9407	4
9408	4
9409	1
9410	1
9411	4
9412	0
9413	0
9414	4
9415	2
9416	4
9417	1
9418	2
9419	3
9420	2
9421	2
9422	3
9423	2
9424	1
9425	4
9426	1
9427	3
9428	4
9429	4
9430	3
9431	3
9432	1
9433	3
9434	0
9435	1
9436	0
9437	4
9438	2
9439	4
9440	3
9441	3
9442	0
9443	2
9444	4
9445	1
9446	4
9447	4
9448	4
9449	1
9450	1
9451	4
9452	4
9453	3
9454	2
9455	4
9456	4
9457	4
9458	2
9459	4
9460	3
9461	3
9462	1
9463	4
9464	4
9465	0
9466	4
9467	4
9468	3
9469	4
9470	3
9471	1
9472	4
9473	3
9474	4
9475	1
9476	2
9477	1
9478	0
9479	4
9480	4
9481	4
9482	4
9483	4
9484	4
9485	3
9486	1
9487	4
9488	1
9489	4
9490	2
9491	2
9492	1
9493	4
9494	4
9495	4
9496	1
9497	3
9498	4
9499	4
9500	4
9501	1
9502	4
9503	4
9504	2
9505	1
9506	4
9507	1
9508	1
9509	4
9510	4
9511	1
9512	4
9513	1
9514	2
9515	4
9516	4
9517	4
9518	4
9519	1
9520	2
9521	2
9522	0
9523	4
9524	4
9525	4
9526	0
9527	4
9528	1
9529	4
9530	0
9531	4
9532	4
9533	4
9534	3
9535	1
9536	3
9537	1
9538	1
9539	4
9540	2
9541	4
9542	4
9543	4
9544	2
9545	4
9546	0
9547	1
9548	4
9549	4
9550	4
9551	3
9552	4
9553	0
9554	3
9555	4
9556	3
9557	1
9558	4
9559	4
9560	2
9561	2
9562	3
9563	1
9564	2
9565	2
9566	4
9567	4
9568	3
9569	4
9570	0
9571	1
9572	2
9573	1
9574	4
9575	3
9576	0
9577	3
9578	3
9579	4
9580	4
9581	4
9582	4
9583	1
9584	4
9585	3
9586	2
9587	4
9588	1
9589	4
9590	1
9591	4
9592	3
9593	2
9594	1
9595	4
9596	2
9597	4
9598	3
9599	4
9600	1
9601	4
9602	4
9603	1
9604	3
9605	3
9606	1
9607	1
9608	2
9609	2
9610	4
9611	1
9612	4
9613	0
9614	0
9615	3
9616	3
9617	4
9618	4
9619	4
9620	2
9621	4
9622	4
9623	1
9624	1
9625	4
9626	2
9627	1
9628	1
9629	4
9630	4
9631	2
9632	1
9633	4
9634	1
9635	4
9636	4
9637	2
9638	1
9639	3
9640	4
9641	2
9642	4
9643	4
9644	4
9645	4
9646	1
9647	4
9648	3
9649	0
9650	4
9651	1
9652	4
9653	4
9654	2
9655	1
9656	1
9657	4
9658	3
9659	1
9660	3
9661	4
9662	0
9663	4
9664	3
9665	3
9666	1
9667	4
9668	4
9669	3
9670	3
9671	3
9672	3
9673	1
9674	4
9675	0
9676	4
9677	4
9678	0
9679	4
9680	2
9681	2
9682	3
9683	2
9684	1
9685	0
9686	4
9687	1
9688	4
9689	1
9690	4
9691	3
9692	1
9693	3
9694	0
9695	3
9696	4
9697	0
9698	4
9699	3
9700	4
9701	3
9702	1
9703	4
9704	1
9705	1
9706	4
9707	2
9708	1
9709	4
9710	4
9711	4
9712	4
9713	4
9714	2
9715	4
9716	1
9717	3
9718	4
9719	1
9720	1
9721	3
9722	3
9723	0
9724	4
9725	4
9726	1
9727	2
9728	3
9729	4
9730	1
9731	1
9732	0
9733	4
9734	4
9735	4
9736	4
9737	4
9738	2
9739	1
9740	4
9741	4
9742	1
9743	1
9744	4
9745	2
9746	2
9747	2
9748	1
9749	2
9750	2
9751	2
9752	4
9753	4
9754	1
9755	4
9756	4
9757	1
9758	3
9759	4
9760	4
9761	2
9762	2
9763	1
9764	1
9765	4
9766	1
9767	4
9768	1
9769	4
9770	1
9771	3
9772	1
9773	4
9774	1
9775	3
9776	4
9777	1
9778	4
9779	1
9780	2
9781	4
9782	1
9783	4
9784	1
9785	1
9786	4
9787	4
9788	2
9789	2
9790	4
9791	4
9792	3
9793	1
9794	4
9795	4
9796	4
9797	2
9798	3
9799	2
9800	4
9801	1
9802	4
9803	4
9804	2
9805	4
9806	1
9807	4
9808	1
9809	4
9810	2
9811	2
9812	4
9813	1
9814	3
9815	4
9816	4
9817	4
9818	4
9819	0
9820	3
9821	2
9822	3
9823	1
9824	2
9825	4
9826	4
9827	4
9828	3
9829	2
9830	4
9831	4
9832	4
9833	2
9834	4
9835	1
9836	4
9837	1
9838	3
9839	1
9840	2
9841	3
9842	3
9843	3
9844	2
9845	0
9846	3
9847	2
9848	4
9849	4
9850	2
9851	4
9852	0
9853	2
9854	4
9855	2
9856	4
9857	4
9858	4
9859	1
9860	1
9861	4
9862	1
9863	1
9864	4
9865	1
9866	3
9867	0
9868	0
9869	4
9870	1
9871	1
9872	3
9873	4
9874	4
9875	2
9876	2
9877	3
9878	2
9879	1
9880	3
9881	1
9882	4
9883	4
9884	2
9885	4
9886	4
9887	1
9888	4
9889	4
9890	4
9891	4
9892	4
9893	3
9894	4
9895	2
9896	4
9897	4
9898	1
9899	4
9900	4
9901	3
9902	4
9903	4
9904	3
9905	4
9906	1
9907	4
9908	2
9909	4
9910	3
9911	1
9912	3
9913	4
9914	4
9915	3
9916	4
9917	1
9918	1
9919	1
9920	4
9921	2
9922	4
9923	1
9924	4
9925	2
9926	1
9927	1
9928	3
9929	1
9930	4
9931	4
9932	4
9933	2
9934	4
9935	2
9936	1
9937	3
9938	4
9939	4
9940	1
9941	0
9942	4
9943	4
9944	1
9945	4
9946	4
9947	3
9948	3
9949	1
9950	1
9951	2
9952	2
9953	1
9954	4
9955	2
9956	4
9957	4
9958	4
9959	2
9960	2
9961	4
9962	4
9963	4
9964	2
9965	1
9966	4
9967	1
9968	4
9969	1
9970	1
9971	2
9972	4
9973	4
9974	4
9975	2
9976	1
9977	4
9978	4
9979	2
9980	4
9981	4
9982	2
9983	4
9984	4
9985	3
9986	4
9987	1
9988	4
9989	4
9990	3
9991	4
9992	4
9993	4
9994	4
9995	4
9996	4
9997	1
9998	1
9999	4
